Temperature (K)	Magnetic Field (Oe)	Moment (emu)	M. Std. Err. (emu)
10.0031538	2000.001038	0.0001602	1.78E-07
10.00233889	1998.122437	0.000160639	3.90E-07
10.00248909	1992.451599	0.000160246	2.18E-07
10.00265551	1984.272339	0.000160012	2.45E-07
10.00257921	1976.531189	0.000160207	2.01E-07
10.00219488	1968.366699	0.000159987	2.45E-07
10.00205803	1960.159546	0.000159906	2.25E-07
10.0020752	1952.51886	0.000159928	2.44E-07
10.00201607	1944.286438	0.000159689	2.34E-07
10.00205612	1936.49707	0.000159588	2.42E-07
10.00204277	1928.50177	0.000159734	2.03E-07
10.00167847	1920.319519	0.000159465	2.67E-07
10.00133801	1912.286316	0.000159564	2.30E-07
10.00116301	1904.253174	0.000159405	2.61E-07
10.00144196	1896.482849	0.000159622	2.30E-07
10.00223589	1888.6875	0.000159443	2.22E-07
10.00261641	1880.464294	0.000159356	2.50E-07
10.00223494	1872.55481	0.000159088	2.82E-07
10.00188351	1864.59082	0.000159343	2.56E-07
10.00185061	1856.619202	0.000159225	2.02E-07
10.00170994	1848.630371	0.000158897	2.20E-07
10.0012188	1840.665405	0.00015932	2.33E-07
10.00113058	1832.604614	0.000158855	2.38E-07
10.00146437	1824.577576	0.000158702	2.39E-07
10.00153303	1816.562561	0.000158834	2.33E-07
10.00130463	1808.663635	0.000158669	2.22E-07
10.00115156	1800.805969	0.000158907	2.43E-07
10.0011425	1792.48584	0.000158567	2.26E-07
10.00085068	1784.516846	0.000158574	2.36E-07
10.00051308	1776.68335	0.000158596	2.10E-07
10.00076389	1768.556702	0.000158343	2.22E-07
10.00113344	1760.845947	0.000158316	4.41E-07
10.0010972	1752.89093	0.000158196	2.35E-07
10.00097275	1745.022827	0.000158487	2.26E-07
10.00101233	1737.045166	0.000158144	2.22E-07
10.00101662	1729.108093	0.000157986	2.27E-07
10.00071383	1721.173523	0.000158152	2.55E-07
10.00057316	1713.201721	0.000158214	2.96E-07
10.00055361	1704.865234	0.00015777	2.56E-07
10.00070953	1697.140869	0.000157629	2.15E-07
10.0010128	1689.071045	0.000157824	2.40E-07
10.001019	1681.088928	0.000157862	2.11E-07
10.00092125	1673.059631	0.000157545	2.34E-07
10.00102472	1665.019592	0.000157665	2.29E-07
10.00090265	1657.054016	0.00015764	2.15E-07
10.00076151	1648.909668	0.000157457	2.61E-07
10.00078535	1640.958557	0.000157342	2.66E-07
10.00052357	1632.926086	0.000157099	2.41E-07
9.999959946	1625.118591	0.000157012	2.13E-07
9.999702454	1617.117493	0.000157169	2.10E-07
9.999914169	1609.142456	0.00015718	2.43E-07
10.00045347	1601.164673	0.000156881	2.15E-07
10.00078297	1593.178162	0.00015662	2.41E-07
10.00078917	1585.175293	0.000156884	2.52E-07
10.00102043	1577.135254	0.000156739	2.45E-07
10.00121403	1569.117737	0.000156778	2.27E-07
10.00102425	1561.098511	0.000156506	2.21E-07
10.00077009	1553.06366	0.000156396	2.33E-07
10.00066757	1545.091064	0.000156315	2.65E-07
10.00051403	1537.113281	0.00015618	2.52E-07
10.00024605	1529.143311	0.000156085	2.30E-07
9.999960899	1520.872437	0.0001562	2.18E-07
10.00001335	1513.280273	0.000155976	2.35E-07
10.00028944	1505.129639	0.000155956	1.83E-07
10.00024366	1497.125488	0.000155833	2.06E-07
10.00005341	1489.117493	0.000155786	2.27E-07
9.999819279	1481.154907	0.000155787	2.16E-07
9.999894619	1473.161011	0.000155696	2.39E-07
10.00029373	1465.39856	0.000155545	2.48E-07
10.00054932	1457.330017	0.000155523	2.90E-07
10.0006032	1449.180725	0.000155398	2.47E-07
10.00013161	1441.215027	0.00015543	2.34E-07
9.999664783	1433.3349	0.000155069	2.52E-07
9.999956131	1425.358887	0.000155148	2.50E-07
10.00042582	1417.241943	0.000154943	2.30E-07
10.00036144	1409.174194	0.000155055	2.54E-07
10.00001478	1401.132385	0.000155052	2.33E-07
10.00003195	1393.336792	0.000154926	2.52E-07
10.00036192	1385.182312	0.000154836	2.00E-07
10.0004797	1377.424866	0.000154781	2.55E-07
10.00034475	1369.453186	0.000154598	2.07E-07
10.00014591	1361.374146	0.000154347	2.14E-07
10.00032187	1353.15863	0.000154148	2.43E-07
10.00042772	1345.227661	0.000154072	2.33E-07
10.00019836	1337.458313	0.000154494	2.18E-07
10.00013113	1329.149231	0.000154048	2.39E-07
10.00012922	1321.152466	0.000153974	2.57E-07
10.00001717	1313.432434	0.000153872	2.47E-07
9.999686718	1305.421814	0.000154002	2.21E-07
9.999350071	1297.402405	0.000153695	2.50E-07
9.999573231	1289.393616	0.000153872	2.23E-07
10.00008583	1281.384399	0.000153757	2.20E-07
10.00046539	1273.342957	0.000153482	2.34E-07
10.00041199	1265.378601	0.000153349	2.52E-07
10.00040722	1257.43158	0.00015332	2.40E-07
10.00056601	1249.391479	0.000153251	2.30E-07
10.00037813	1241.332397	0.000153042	2.06E-07
10.00012636	1233.499817	0.000153306	2.23E-07
10.0000782	1225.369141	0.000153076	2.31E-07
10.00012016	1217.599792	0.000152939	2.35E-07
10.00006056	1209.680786	0.000152487	2.84E-07
10.00006199	1201.551697	0.000152696	2.27E-07
10.00028133	1193.477478	0.000152504	2.42E-07
10.00031424	1185.661377	0.000152513	2.26E-07
9.99998188	1177.485291	0.00015215	2.70E-07
9.999612331	1169.468567	0.00015213	2.26E-07
9.999557972	1161.632813	0.000152189	2.36E-07
9.999790192	1153.440674	0.000151887	2.20E-07
9.999902248	1145.409302	0.000152041	2.48E-07
9.999778748	1137.613953	0.000151777	2.37E-07
9.999844551	1129.473389	0.000151647	2.22E-07
10.00003958	1121.657349	0.000151593	2.37E-07
10.00007629	1113.648438	0.000151336	2.50E-07
9.999854565	1105.65686	0.000151406	2.57E-07
9.999547958	1097.637573	0.000151117	2.70E-07
9.999752045	1089.613892	0.000151156	1.94E-07
10.00004148	1081.659485	0.00015125	2.06E-07
9.999938965	1073.687744	0.000151003	2.52E-07
9.999787331	1065.665894	0.000150697	2.52E-07
9.999845028	1057.6427	0.000150738	2.24E-07
9.999893188	1049.580139	0.00015066	2.14E-07
9.99983263	1041.621094	0.000150463	2.35E-07
10.00009584	1033.447937	0.000150357	2.31E-07
10.00020933	1025.421753	0.000150315	1.87E-07
9.999709129	1017.370453	0.000150281	2.23E-07
9.999428749	1009.726105	0.000149982	2.35E-07
9.999699116	1001.601746	0.00014983	2.15E-07
9.99996233	993.7890625	0.000149941	2.46E-07
9.999931812	985.6895447	0.000149673	2.77E-07
9.999686241	977.691803	0.000149748	2.33E-07
9.999491215	969.6923828	0.000149606	2.43E-07
9.999421597	961.7371826	0.000149408	2.15E-07
9.999733448	953.7430115	0.000149362	2.23E-07
10.00033855	945.9190979	0.000149173	2.49E-07
10.00048685	937.6810608	0.000148943	2.58E-07
10.00019264	929.8605957	0.000148886	2.61E-07
9.999847889	921.7782898	0.000148662	2.35E-07
9.999910355	913.7823792	0.000148668	2.75E-07
10.00026083	905.9013977	0.000148397	2.42E-07
10.00047874	897.7075195	0.000148474	2.46E-07
10.00071716	889.9008789	0.000148034	2.64E-07
10.00077295	881.9093628	0.00014793	2.27E-07
10.00033855	873.9929504	0.000147682	2.97E-07
9.99998951	865.8197021	0.000147774	2.46E-07
10.00014114	857.8418274	0.000147542	2.31E-07
10.0002141	850.0646973	0.00014762	2.05E-07
9.999770641	841.9230652	0.00014755	2.30E-07
9.999403	833.8943176	0.000147075	2.32E-07
9.999672413	826.0225525	0.000147221	2.49E-07
10.00018215	818.0457764	0.000146836	2.63E-07
10.00033236	810.0914001	0.000146807	2.34E-07
9.999916077	802.0728455	0.000146568	2.30E-07
9.999259949	794.002533	0.000146603	2.36E-07
9.999171257	786.2288208	0.000146225	2.26E-07
9.999681473	778.2475891	0.000146132	2.49E-07
10.00020695	770.0189514	0.000146183	1.92E-07
10.00042248	762.0898132	0.000145934	2.61E-07
9.999971867	754.1679993	0.00014588	2.15E-07
9.999542713	746.1601868	0.000145691	2.05E-07
9.999629974	738.1841431	0.000145607	2.44E-07
9.99990797	730.0784302	0.000145319	2.18E-07
10.00014305	722.303894	0.000145131	2.38E-07
10.00044441	714.3320618	0.000145007	2.79E-07
10.00043869	706.2022095	0.000144839	2.19E-07
10.00000143	698.355835	0.000144637	2.35E-07
9.999631405	690.2880859	0.000144597	2.18E-07
9.999551773	682.2965088	0.000144441	2.58E-07
9.99934721	673.8830261	0.000144334	2.05E-07
9.999340534	666.1014709	0.000144255	2.38E-07
9.999791145	658.3294373	0.000143986	2.56E-07
10.00006485	650.2642822	0.00014365	2.37E-07
9.999949455	642.2519531	0.000143602	2.31E-07
9.999686241	634.3165894	0.000143613	2.45E-07
9.999517918	626.1625366	0.000143385	2.17E-07
9.999379635	618.357666	0.000143218	2.17E-07
9.999541759	610.324585	0.00014286	2.33E-07
9.999928474	602.2819214	0.000142587	2.27E-07
10.00011921	594.3179016	0.000142836	2.34E-07
9.999982357	586.3548584	0.00014246	2.24E-07
9.999875069	578.3036499	0.000142211	2.69E-07
10.00028324	570.0699768	0.000142203	2.33E-07
10.0004158	562.1693115	0.000141859	2.40E-07
10.00023603	554.3280945	0.00014183	2.23E-07
9.999969006	546.3225403	0.000141604	2.21E-07
9.999843121	538.397522	0.000141526	2.37E-07
10.0000596	530.1445313	0.000141274	2.32E-07
9.999854565	522.3334961	0.00014135	2.33E-07
9.999778748	514.5316162	0.000140845	2.55E-07
9.999988079	506.2892151	0.000140864	2.33E-07
10.00027275	498.2950439	0.000140928	2.21E-07
10.00046682	490.5879822	0.000140303	2.24E-07
10.00051737	482.1987457	0.000139892	2.34E-07
10.00035524	474.1734009	0.000139821	2.37E-07
10.00035	466.5301208	0.000139774	2.21E-07
10.00038052	458.3159027	0.000139686	2.48E-07
10.00012922	450.3373108	0.000139574	2.38E-07
9.999932766	442.3487701	0.000139066	2.37E-07
10.00006294	434.54216	0.000139022	2.16E-07
10.0005126	426.6414032	0.000138787	2.38E-07
10.00061464	418.5788422	0.000138422	2.35E-07
10.00061893	410.4799347	0.000138216	2.57E-07
10.00069237	402.5279236	0.000138007	2.45E-07
10.00035906	394.4240265	0.000137824	2.30E-07
10.0000391	386.6362457	0.000137739	2.34E-07
9.999992847	378.8365784	0.000137402	2.54E-07
9.999924183	370.854126	0.000137106	2.70E-07
9.999729633	362.2063293	0.00013694	2.15E-07
9.99942255	354.3443451	0.000136969	2.22E-07
9.999127388	346.4356232	0.000136177	2.41E-07
9.999327183	338.5545959	0.000136449	2.17E-07
9.999950409	330.4809418	0.000136145	2.38E-07
10.00068712	322.5351715	0.000135887	2.71E-07
10.00082445	314.8609924	0.000135551	2.37E-07
10.00030756	306.5900879	0.000135453	2.26E-07
10.00002956	298.7904205	0.000135105	2.31E-07
10.00019217	290.74086	0.00013486	2.14E-07
10.00020027	282.8081207	0.000134629	2.13E-07
10.00003767	274.8530731	0.000134307	2.65E-07
10.00003719	266.5968781	0.000134126	2.14E-07
10.00010681	258.6310577	0.00013392	2.24E-07
10.00032663	250.6792221	0.000133495	2.21E-07
10.00036001	242.8366089	0.000133396	2.41E-07
10.00033569	234.814743	0.000133241	2.25E-07
10.00013828	226.461235	0.000132874	2.28E-07
9.999812126	218.6875534	0.000132239	2.31E-07
9.999920845	210.5836411	0.000132049	2.30E-07
9.999753952	202.6730957	0.000131967	2.58E-07
9.999454498	194.8702621	0.000131523	2.36E-07
9.999489784	186.5430984	0.000131387	2.41E-07
9.999693871	178.725235	0.000131114	2.30E-07
10.00019598	170.818512	0.000130834	2.46E-07
10.00034714	162.8805847	0.000130628	2.64E-07
9.999997616	154.787674	0.000130134	2.18E-07
10.00001144	146.8056107	0.000130012	2.44E-07
10.00006485	138.8296204	0.000129281	2.27E-07
9.999611855	130.826786	0.000128863	2.36E-07
9.999312878	122.8628998	0.000129029	2.50E-07
9.999469757	114.637867	0.000128436	2.09E-07
9.999590874	106.7845421	0.000127936	2.61E-07
9.999658585	98.80413437	0.000127972	2.63E-07
10.00005198	90.90768814	0.000127438	2.38E-07
10.00054312	82.92737961	0.000127115	2.33E-07
10.00056887	74.7404213	0.000126682	2.29E-07
10.00032568	66.73410797	0.000126492	2.43E-07
9.999988079	58.86086845	0.000125959	1.92E-07
9.999825478	50.82859802	0.000125653	2.52E-07
9.999470711	42.88544846	0.000125098	2.45E-07
9.999341488	35.08403397	0.000124399	2.19E-07
9.99958086	26.86249638	0.000124174	2.44E-07
9.999727726	19.08272982	0.000123987	2.38E-07
9.999753475	10.7659564	0.000123253	2.21E-07
9.999861717	2.75784713	0.000122918	2.29E-07
9.999951839	-5.153194726	0.000122465	2.42E-07
10.00006056	-12.99006557	0.000122026	2.27E-07
10.00017214	-21.16721058	0.000121403	2.41E-07
10.00010443	-29.18681431	0.000121041	2.63E-07
9.999883175	-37.3659687	0.000120662	2.20E-07
9.999700546	-44.98151588	0.000120044	2.00E-07
9.999644756	-53.48931694	0.000119216	2.35E-07
9.999754906	-61.27434921	0.000118973	1.99E-07
9.999615669	-69.00392151	0.000118	2.34E-07
9.999530315	-76.9989624	0.000118008	2.60E-07
9.999687672	-85.0018158	0.000117253	2.45E-07
9.99987936	-93.23027039	0.000116572	2.51E-07
10.00007105	-101.2789803	0.000116084	2.45E-07
9.999844551	-109.2896118	0.000115739	2.50E-07
9.999490738	-117.1842918	0.000115008	2.25E-07
9.999753952	-125.2564201	0.000114772	2.21E-07
10.00020409	-132.9704132	0.000113863	2.52E-07
10.00051403	-140.9500275	0.000113449	2.31E-07
10.00046206	-149.0591583	0.00011307	2.36E-07
10.00006437	-157.0844955	0.000112698	2.33E-07
9.999657631	-165.0059509	0.000112134	2.11E-07
9.999514103	-172.8125839	0.000111806	2.63E-07
9.999819756	-181.0056305	0.000111152	2.27E-07
10.00006866	-188.999794	0.000110735	2.35E-07
10.0001688	-197.0611725	0.000110398	2.33E-07
9.999803543	-205.1722412	0.000109943	2.15E-07
9.999166489	-212.9254837	0.000109681	2.51E-07
9.999370098	-221.0180283	0.000109044	1.99E-07
9.999965668	-228.9883957	0.000108731	2.65E-07
9.999909401	-236.7367935	0.000108086	2.59E-07
9.999893665	-245.0316086	0.000107731	2.44E-07
10.00024033	-252.9629288	0.000107366	2.10E-07
10.00028944	-260.9632416	0.000106943	2.12E-07
10.00028753	-268.8096619	0.000106753	2.55E-07
10.00030422	-276.7492218	0.00010604	2.32E-07
10.00001097	-284.7312775	0.000105846	1.95E-07
9.999941826	-292.7306671	0.000105905	2.66E-07
10.00009251	-300.7014771	0.000105275	2.23E-07
9.99996376	-308.7285309	0.000105023	2.46E-07
9.999946594	-316.9487	0.000104637	2.37E-07
10.00011635	-324.709137	0.000104098	2.36E-07
9.99998188	-332.7189026	0.000103766	2.26E-07
9.999830246	-340.7288513	0.000103413	2.26E-07
10.00001526	-348.6867218	0.00010288	2.29E-07
10.00020075	-356.721405	0.000102783	2.37E-07
10.00022793	-364.7207794	0.000102489	2.59E-07
10.0000329	-372.7011108	0.000102393	1.97E-07
9.99966526	-380.738678	0.000101625	2.07E-07
9.999510765	-388.7648926	0.000101401	2.12E-07
9.999700546	-396.7779846	0.000101013	2.37E-07
9.999857903	-404.8119659	0.000100695	2.53E-07
10.00006676	-412.768692	0.000100287	2.44E-07
10.00020409	-420.7447205	0.000100213	2.20E-07
10.0000968	-428.7270508	9.98E-05	2.24E-07
9.99981308	-436.7515411	9.94E-05	2.19E-07
9.999539375	-444.8322754	9.93E-05	2.18E-07
9.999545574	-452.6051025	9.90E-05	2.72E-07
9.999660969	-460.8395233	9.85E-05	2.86E-07
9.999855995	-468.6539001	9.83E-05	2.09E-07
9.999978542	-476.9836731	9.79E-05	2.39E-07
9.999897957	-484.9769897	9.77E-05	2.20E-07
9.999794006	-492.9434814	9.75E-05	2.39E-07
9.999808311	-500.7180023	9.72E-05	2.41E-07
10.00008392	-508.725174	9.69E-05	2.55E-07
10.00020123	-516.9398499	9.64E-05	2.46E-07
10.00018311	-524.9522095	9.62E-05	2.16E-07
10.00008345	-532.789093	9.58E-05	2.07E-07
9.999830246	-540.7899475	9.58E-05	2.32E-07
9.999736786	-548.9215088	9.55E-05	2.32E-07
9.99963522	-556.941925	9.52E-05	2.38E-07
9.999989986	-564.9413147	9.49E-05	2.40E-07
10.00052881	-572.4894104	9.47E-05	2.38E-07
10.0004549	-580.718811	9.43E-05	2.31E-07
10.00014782	-588.8643799	9.40E-05	1.99E-07
10.00020361	-596.7114868	9.36E-05	2.20E-07
10.00008011	-605.0447388	9.34E-05	2.31E-07
9.999929905	-612.7855225	9.29E-05	2.09E-07
10.00007105	-620.9741821	9.29E-05	2.48E-07
10.00010681	-628.6812744	9.25E-05	2.52E-07
9.999917984	-636.7516785	9.24E-05	2.16E-07
9.999669075	-644.5799255	9.21E-05	2.25E-07
9.999683857	-652.59552	9.19E-05	3.04E-07
9.999843121	-660.3355713	9.16E-05	2.04E-07
10.00001001	-668.3505859	9.13E-05	2.36E-07
9.999913216	-676.4597778	9.11E-05	2.49E-07
9.999748707	-684.5154419	9.05E-05	2.73E-07
9.999746799	-692.3840637	9.03E-05	2.41E-07
9.999659538	-700.4319763	9.03E-05	2.42E-07
9.999674797	-708.4893188	8.96E-05	2.59E-07
10	-716.289856	8.92E-05	2.68E-07
10.00030041	-724.4049988	8.92E-05	2.53E-07
10.00036144	-732.2418518	8.91E-05	2.54E-07
10.00011492	-740.2434998	8.89E-05	2.08E-07
9.999839783	-748.481842	8.85E-05	2.19E-07
10.00000858	-756.4431458	8.80E-05	2.59E-07
10.0006628	-764.7079773	8.77E-05	2.04E-07
10.00107384	-772.2854614	8.76E-05	2.30E-07
10.00099277	-780.360199	8.72E-05	2.41E-07
10.00059986	-788.3812561	8.70E-05	2.66E-07
10.00027561	-796.2802734	8.66E-05	2.44E-07
10.00019884	-804.4931641	8.65E-05	2.14E-07
10.0003953	-812.4942627	8.59E-05	2.43E-07
10.00024223	-820.4893188	8.57E-05	2.15E-07
9.999746323	-828.460144	8.56E-05	2.34E-07
9.999452114	-836.2044373	8.51E-05	2.40E-07
9.999307156	-844.2513428	8.47E-05	2.57E-07
9.999419689	-852.2724304	8.43E-05	2.28E-07
9.999410152	-860.2814026	8.40E-05	2.09E-07
9.999388218	-868.0818176	8.33E-05	2.37E-07
9.999575138	-876.2670898	8.33E-05	2.58E-07
9.999732018	-884.2724915	8.29E-05	2.51E-07
9.999799252	-892.1854858	8.25E-05	3.15E-07
9.999901295	-900.1260986	8.22E-05	2.05E-07
10.00006866	-908.1705017	8.17E-05	2.27E-07
10.0000596	-916.1577759	8.13E-05	2.30E-07
10.00025892	-924.134613	8.07E-05	2.44E-07
10.00046587	-932.1703491	8.01E-05	2.29E-07
10.00018644	-940.2077637	7.93E-05	2.11E-07
9.9998703	-947.9702454	7.86E-05	2.27E-07
9.999736309	-955.987854	7.76E-05	2.07E-07
9.999820232	-963.8712769	7.62E-05	2.40E-07
9.999668598	-972.0461121	7.42E-05	2.31E-07
9.999302387	-980.0731506	7.20E-05	2.23E-07
9.999210358	-987.9429321	6.93E-05	2.34E-07
9.999679565	-996.1411438	6.60E-05	2.76E-07
10.00054979	-1004.163086	6.26E-05	2.79E-07
10.00112343	-1012.104523	5.93E-05	2.56E-07
10.0009737	-1019.876434	5.60E-05	2.44E-07
10.00033379	-1028.003601	5.29E-05	2.54E-07
9.999778271	-1036.285767	4.98E-05	2.41E-07
9.999808788	-1044.271301	4.69E-05	2.22E-07
10.00007296	-1051.878174	4.48E-05	2.53E-07
10.00011969	-1059.848206	4.18E-05	2.17E-07
10.00014782	-1067.841553	3.85E-05	2.49E-07
10.00023937	-1075.815796	3.48E-05	2.66E-07
10.00006962	-1084.120544	2.94E-05	2.85E-07
9.999533653	-1092.10083	2.30E-05	3.46E-07
9.99941349	-1099.843384	1.56E-05	3.17E-07
9.99975729	-1108.130676	7.45E-06	3.34E-07
9.999973297	-1116.049622	-1.74E-06	3.55E-07
10.00008106	-1123.755066	-1.17E-05	4.11E-07
10.00002527	-1131.789978	-2.20E-05	3.99E-07
9.99988699	-1139.98822	-3.25E-05	4.03E-07
9.999830246	-1147.98584	-4.24E-05	4.13E-07
10.00000525	-1155.832031	-5.19E-05	3.57E-07
10.00020838	-1163.841919	-5.99E-05	3.35E-07
10.00024748	-1171.820557	-6.77E-05	3.44E-07
10.00038576	-1179.583069	-7.41E-05	3.14E-07
10.00009966	-1187.809814	-8.00E-05	3.21E-07
9.999732018	-1195.784058	-8.57E-05	2.82E-07
9.999689579	-1203.602783	-9.11E-05	2.60E-07
9.999852657	-1211.75	-9.57E-05	3.14E-07
9.999834538	-1219.814209	-9.99E-05	2.90E-07
9.99971962	-1227.784241	-0.000104148	3.00E-07
9.999614716	-1235.782715	-0.000108901	2.91E-07
9.999674797	-1243.858398	-0.000112611	2.58E-07
10.00019979	-1251.874207	-0.000116314	2.81E-07
10.00073576	-1259.638367	-0.000119934	2.54E-07
10.00056648	-1267.519104	-0.000123326	2.27E-07
9.999873638	-1275.555725	-0.000126238	2.22E-07
9.999519348	-1283.68634	-0.000128885	2.37E-07
9.999737263	-1291.55365	-0.000131538	2.48E-07
10.0000782	-1299.618042	-0.000133663	2.48E-07
10.00029039	-1307.643921	-0.000135469	2.41E-07
10.00049019	-1315.800415	-0.000137201	2.26E-07
10.00054407	-1323.626038	-0.000138529	2.39E-07
9.999975681	-1331.857483	-0.00013949	2.30E-07
9.999545097	-1339.657654	-0.000140358	3.22E-07
9.9994874	-1347.761719	-0.000141371	2.27E-07
9.999491692	-1355.841003	-0.000141928	2.25E-07
9.999935627	-1363.844666	-0.000142409	2.41E-07
10.00045729	-1371.866516	-0.000143156	2.38E-07
10.00048304	-1379.877136	-0.000143215	2.19E-07
10.000072	-1387.834961	-0.000143716	2.05E-07
9.99984169	-1395.800537	-0.000144036	2.16E-07
9.99987793	-1403.803406	-0.000144317	2.50E-07
9.99990654	-1411.819214	-0.000144825	2.21E-07
9.999939919	-1419.838501	-0.000144945	2.18E-07
9.999939919	-1427.861267	-0.000145536	2.38E-07
9.999862671	-1435.784485	-0.000145569	2.11E-07
9.999902248	-1443.752747	-0.000145797	2.42E-07
9.999972343	-1451.871582	-0.000146165	2.37E-07
9.999974728	-1459.800842	-0.000146227	2.48E-07
10.00008154	-1467.687683	-0.000146687	2.64E-07
10.00034142	-1475.724304	-0.000146673	2.17E-07
10.00028133	-1483.753174	-0.000147006	2.22E-07
9.999897003	-1491.80011	-0.0001473	2.17E-07
9.999817848	-1499.632629	-0.000147604	2.24E-07
9.999866486	-1507.786743	-0.000147608	2.03E-07
9.999942303	-1515.545776	-0.000148031	2.06E-07
9.999976158	-1523.750916	-0.000148396	2.35E-07
9.999929428	-1531.77887	-0.000148393	2.50E-07
9.99988842	-1539.840942	-0.000148675	2.44E-07
9.999891281	-1547.805664	-0.000148891	2.75E-07
9.999970913	-1555.535828	-0.000149178	2.89E-07
10.0001936	-1563.555176	-0.000149429	2.57E-07
10.00060081	-1571.769775	-0.000149551	2.47E-07
10.00059843	-1579.610107	-0.000149608	2.87E-07
10.00032616	-1587.620789	-0.000149717	2.31E-07
10.00006056	-1595.760132	-0.000150008	2.24E-07
9.999652863	-1603.548523	-0.000150226	2.31E-07
9.999520779	-1611.76239	-0.000150326	2.14E-07
9.99972105	-1619.560303	-0.000150489	2.34E-07
9.999914169	-1627.729309	-0.000150785	2.12E-07
9.999783516	-1635.528015	-0.000151016	2.54E-07
9.999409199	-1643.523926	-0.000151278	2.54E-07
9.999334812	-1651.466919	-0.000151487	2.12E-07
9.999463558	-1659.504272	-0.000151824	2.35E-07
10.00000763	-1667.312683	-0.000151666	2.28E-07
10.0003376	-1675.519714	-0.000152093	2.23E-07
10.00017309	-1683.334229	-0.000152412	2.34E-07
9.99975729	-1691.379456	-0.000152473	2.42E-07
9.999485016	-1699.373596	-0.000152444	2.37E-07
9.999496937	-1707.492188	-0.000152654	2.21E-07
9.999498844	-1715.382568	-0.000152961	2.24E-07
9.999647141	-1723.369812	-0.000153121	2.35E-07
9.999979973	-1731.51532	-0.000153318	2.24E-07
10.00027323	-1739.267334	-0.000153513	2.37E-07
10.00030851	-1747.509766	-0.000153629	2.38E-07
10.00014067	-1755.362488	-0.00015381	2.38E-07
9.999842644	-1763.406006	-0.000154075	2.22E-07
9.999737263	-1771.624573	-0.000154041	2.24E-07
9.999871254	-1779.226318	-0.000154782	4.46E-07
10.00003958	-1787.026062	-0.000154707	2.52E-07
10.00022173	-1794.998596	-0.000154799	2.42E-07
10.00016356	-1803.161316	-0.000155082	2.47E-07
10.00003433	-1810.97052	-0.000155359	2.00E-07
9.999985218	-1818.986633	-0.000155239	2.34E-07
9.999937534	-1827.275391	-0.000155596	2.43E-07
9.999902248	-1835.092346	-0.000155731	2.00E-07
9.999951839	-1843.070984	-0.000156305	2.29E-07
9.999946594	-1851.042786	-0.000156138	2.29E-07
10.00009012	-1859.09491	-0.000156378	2.43E-07
10.0001893	-1867.126038	-0.000156548	2.02E-07
9.999931812	-1875.066528	-0.000156908	2.31E-07
9.999839783	-1883.102539	-0.00015704	2.55E-07
9.999912262	-1891.097656	-0.000156772	2.38E-07
9.999991417	-1899.023438	-0.000157432	2.16E-07
10.0002389	-1906.775513	-0.000157619	2.14E-07
10.00029659	-1915.048096	-0.000157835	2.02E-07
10.00043249	-1923.140076	-0.000157756	2.49E-07
10.00080252	-1931.100525	-0.000157965	2.53E-07
10.00063753	-1938.962341	-0.000158232	2.28E-07
9.999930382	-1946.767273	-0.000158183	2.44E-07
9.999492645	-1955.086548	-0.000158383	2.32E-07
9.999396324	-1962.867981	-0.000158859	2.22E-07
9.999956131	-1970.953735	-0.000158968	2.37E-07
10.0007844	-1978.981628	-0.000158996	2.49E-07
10.00050116	-1987.067627	-0.000159311	2.52E-07
9.999967098	-1995.649902	-0.00015971	3.32E-07
9.999606609	-2000.194763	-0.000159086	1.70E-07
10.00010014	-1999.486572	-0.000159695	1.96E-07
10.00072718	-1996.842712	-0.000159885	3.56E-07
10.00107861	-1989.407349	-0.000159639	2.20E-07
10.00091457	-1981.717346	-0.000159452	2.13E-07
10.00026798	-1973.526978	-0.000159656	2.11E-07
9.999653339	-1965.776611	-0.000159221	2.46E-07
9.999293327	-1957.575806	-0.000159392	2.24E-07
9.99954319	-1949.780518	-0.000159215	2.41E-07
9.99965477	-1941.453308	-0.00015944	2.41E-07
9.999568462	-1933.493713	-0.000158942	2.48E-07
9.99980545	-1925.509827	-0.000159115	2.24E-07
10.00002623	-1917.789856	-0.000159065	2.01E-07
10.00016642	-1909.716064	-0.000158826	1.99E-07
10.00025654	-1901.723755	-0.000159063	2.16E-07
10.00023603	-1893.732849	-0.000158935	2.46E-07
9.999802589	-1885.760376	-0.00015868	2.39E-07
9.999252796	-1877.888123	-0.000158982	2.31E-07
9.999336243	-1869.76709	-0.000158423	2.06E-07
9.99964571	-1861.772522	-0.000158824	2.51E-07
9.999597549	-1853.885498	-0.000158259	2.26E-07
9.999586105	-1845.830139	-0.000158428	2.13E-07
9.999874115	-1837.9776	-0.000158364	2.33E-07
10.00030041	-1829.755188	-0.000158244	2.58E-07
10.00052214	-1821.773132	-0.000158189	2.39E-07
10.00052881	-1814.018433	-0.000158245	2.52E-07
10.0001936	-1805.721558	-0.000157974	2.14E-07
9.999765873	-1797.849182	-0.000157957	2.39E-07
9.999722481	-1789.905212	-0.000157987	2.59E-07
9.999982357	-1782.092529	-0.000157835	4.34E-07
9.999979973	-1774.274719	-0.000157777	2.23E-07
9.999667645	-1766.004822	-0.000157722	2.32E-07
9.999508858	-1758.269104	-0.000157848	2.15E-07
9.999707222	-1750.27948	-0.000157672	2.35E-07
10.00018358	-1742.238647	-0.000157522	2.01E-07
10.00051975	-1734.177551	-0.000157673	2.25E-07
10.00054979	-1726.023376	-0.00015714	2.27E-07
10.00030804	-1718.211609	-0.000156903	2.34E-07
9.999998093	-1710.260742	-0.000157011	2.46E-07
9.999759197	-1702.026245	-0.000157012	2.45E-07
9.999502659	-1693.936768	-0.000157064	2.25E-07
9.999457836	-1686.051697	-0.000157026	2.35E-07
9.999688625	-1678.194946	-0.000156818	2.39E-07
9.999965191	-1670.267334	-0.00015653	2.26E-07
10.00009155	-1661.980713	-0.000156267	2.50E-07
9.999971867	-1654.148071	-0.000156492	2.60E-07
10.00008678	-1646.237854	-0.000156488	2.49E-07
10.00021982	-1638.24646	-0.000156207	2.37E-07
10.00010586	-1630.273926	-0.000156321	2.27E-07
9.999807358	-1622.268311	-0.000155883	2.19E-07
9.999873638	-1614.017395	-0.000156151	2.42E-07
10.00020933	-1606.19696	-0.000156116	2.28E-07
10.00015831	-1598.160217	-0.000155985	2.52E-07
9.999962807	-1590.406372	-0.000156088	2.09E-07
10.00002384	-1581.996582	-0.000155649	2.08E-07
10.00009346	-1573.938354	-0.0001555	2.12E-07
10.00000715	-1566.102234	-0.000155496	2.55E-07
10.00018454	-1558.400269	-0.000155622	2.77E-07
10.00056314	-1550.332703	-0.000155578	2.41E-07
10.0006156	-1542.34198	-0.00015525	2.35E-07
10.00025415	-1534.345215	-0.000155399	2.53E-07
9.999843121	-1526.335449	-0.000155236	2.15E-07
9.999379635	-1518.273682	-0.000154988	2.41E-07
9.99926281	-1510.302002	-0.000155167	2.07E-07
9.999547005	-1502.159729	-0.000155083	2.42E-07
9.999752045	-1494.499146	-0.000154893	2.52E-07
9.999977589	-1486.404297	-0.000154825	2.24E-07
10.00009871	-1478.357361	-0.000154917	2.42E-07
10.00015402	-1470.289612	-0.000154577	2.26E-07
10.00024176	-1462.294495	-0.000154459	2.18E-07
10.00007582	-1454.461304	-0.000154398	2.64E-07
9.99994421	-1446.41687	-0.000154422	2.38E-07
10.0000639	-1438.572998	-0.000154168	2.23E-07
10.00004482	-1430.541443	-0.000154159	2.35E-07
10.00004816	-1422.720337	-0.000153968	2.24E-07
10.00002241	-1414.69928	-0.000153905	2.12E-07
9.999738693	-1406.492493	-0.000153713	2.37E-07
9.999623299	-1398.404175	-0.000153856	2.35E-07
9.999676228	-1390.516235	-0.000153444	2.23E-07
9.999566555	-1382.521179	-0.00015346	2.07E-07
9.999336243	-1374.556335	-0.000153421	2.28E-07
9.999559879	-1366.492065	-0.000153071	2.40E-07
10.00014162	-1358.551575	-0.000153	2.17E-07
10.00021076	-1350.541809	-0.000153065	2.10E-07
10.00017738	-1342.653809	-0.00015292	2.36E-07
10.00037336	-1334.69165	-0.000153122	2.19E-07
10.00049448	-1326.507263	-0.000152699	2.33E-07
10.00036764	-1318.519165	-0.000152757	2.30E-07
10.00012016	-1310.744629	-0.000152654	2.15E-07
9.99938488	-1302.528198	-0.00015251	2.49E-07
9.999052048	-1294.657532	-0.000152612	2.24E-07
9.999670506	-1286.414307	-0.000152093	2.67E-07
10.00000381	-1278.649292	-0.000152246	2.40E-07
9.999995708	-1270.653381	-0.000151867	2.27E-07
10.00001478	-1262.663452	-0.000152032	2.37E-07
10.00023365	-1254.574402	-0.00015205	2.05E-07
10.0003686	-1246.722778	-0.000151625	2.37E-07
10.00003672	-1238.55658	-0.000151883	2.33E-07
9.999717712	-1230.850403	-0.000151427	2.65E-07
9.999833584	-1222.806824	-0.000151379	2.34E-07
10.00011158	-1214.592102	-0.000151268	2.15E-07
10.00023365	-1206.754395	-0.00015115	2.48E-07
10.00011635	-1198.708313	-0.000151136	2.31E-07
9.99997139	-1190.722961	-0.00015101	2.10E-07
9.999918938	-1182.721802	-0.000151128	2.36E-07
9.999845028	-1174.756836	-0.000150797	2.43E-07
9.999871731	-1166.741943	-0.000150715	2.48E-07
9.999825001	-1158.726135	-0.000150346	2.26E-07
9.999570847	-1150.724121	-0.000150257	2.11E-07
9.999474525	-1142.721313	-0.000149899	2.02E-07
9.999725342	-1134.646606	-0.00015019	2.12E-07
10.00007486	-1126.602478	-0.000149842	2.36E-07
10.00021219	-1118.655762	-0.000149947	2.37E-07
10.00015926	-1110.635437	-0.000149846	2.29E-07
10.00002956	-1102.743225	-0.000149446	2.23E-07
9.999952793	-1094.755188	-0.000149469	1.87E-07
9.999843597	-1086.974548	-0.000149775	2.22E-07
9.999436378	-1078.785828	-0.000149335	2.45E-07
9.999378681	-1070.837708	-0.000149042	2.08E-07
9.999725819	-1062.81488	-0.000149003	2.43E-07
9.999876499	-1054.859619	-0.000148861	1.99E-07
9.999750137	-1047.024414	-0.000148769	2.40E-07
9.999687672	-1038.721436	-0.000148773	2.09E-07
9.999957085	-1030.746582	-0.000148426	2.47E-07
10.00029373	-1022.821655	-0.000148291	2.37E-07
10.00039339	-1014.779602	-0.000148325	2.39E-07
10.00043392	-1006.521606	-0.000148133	2.65E-07
10.0004549	-998.7831421	-0.000147747	2.27E-07
10.00045919	-990.7889709	-0.000147694	2.34E-07
10.00054932	-982.9341431	-0.000147665	2.40E-07
10.0004921	-974.8673096	-0.00014758	2.04E-07
10.00016689	-966.835083	-0.000147487	2.42E-07
9.999750137	-958.9671936	-0.000147202	2.30E-07
9.999558449	-950.749939	-0.000147298	2.08E-07
9.999523163	-942.9029236	-0.000146991	2.17E-07
9.999723911	-935.0460815	-0.000146882	2.28E-07
10.0003767	-927.1684875	-0.000146622	2.33E-07
10.00072098	-919.1001282	-0.000146438	2.35E-07
10.0004735	-910.9211426	-0.000146327	2.40E-07
10.0002346	-902.9464111	-0.000146311	2.71E-07
9.999953747	-895.0230713	-0.000145876	3.08E-07
9.999607563	-886.967804	-0.0001459	2.49E-07
9.999594212	-879.1851807	-0.000145772	2.29E-07
9.999516487	-871.3751221	-0.00014566	2.51E-07
9.999180317	-863.4120789	-0.000145509	2.58E-07
9.999337196	-855.1792908	-0.000145339	2.46E-07
9.999917507	-847.2991333	-0.000145355	2.21E-07
10.00001526	-839.3074951	-0.000145172	2.45E-07
9.999551296	-831.1620789	-0.000144869	2.18E-07
9.9993186	-822.6984558	-0.000144915	2.26E-07
9.999740124	-815.1226807	-0.000144578	2.44E-07
10.00027752	-807.3612366	-0.000144247	2.31E-07
10.00037766	-799.1871338	-0.000144236	2.43E-07
10.00019455	-791.2507019	-0.000144017	2.25E-07
10.0000782	-783.2581787	-0.000143883	2.36E-07
10.00012636	-775.2131042	-0.000143868	2.50E-07
10.00026178	-767.050415	-0.000143463	2.74E-07
10.00030279	-758.9722595	-0.000143705	2.34E-07
10.00019455	-751.4017334	-0.000143383	2.12E-07
10.0000062	-743.0932617	-0.000143226	2.28E-07
9.999722481	-735.3172913	-0.000142874	2.27E-07
9.999750137	-727.3472595	-0.000142814	2.39E-07
10.00005007	-719.3569031	-0.00014257	2.25E-07
10.00022125	-711.352417	-0.000142316	2.23E-07
10.00000954	-703.199585	-0.000142217	2.57E-07
9.999567032	-695.4294739	-0.000142004	2.16E-07
9.999364376	-687.4067383	-0.000141871	2.26E-07
9.999490738	-679.2982788	-0.000141628	2.87E-07
9.999956131	-671.3983459	-0.000141773	2.71E-07
10.00045967	-663.5589905	-0.000141171	2.41E-07
10.00073576	-655.4522705	-0.000141053	2.09E-07
10.0007453	-647.4098816	-0.000141081	2.16E-07
10.00043058	-639.5221863	-0.00014072	2.02E-07
9.999958515	-631.543335	-0.000140843	2.12E-07
9.9997015	-623.438324	-0.000140452	2.13E-07
9.999583244	-615.4744568	-0.000140193	2.44E-07
9.999493599	-607.4820557	-0.00013979	2.16E-07
9.999652386	-599.3848572	-0.000139856	2.22E-07
9.999815464	-591.5946655	-0.000139812	2.28E-07
9.999625206	-583.4319458	-0.000139413	2.15E-07
9.999528885	-575.4654541	-0.000139388	2.45E-07
10.00003004	-567.3278198	-0.000139056	2.20E-07
10.00050259	-559.4654846	-0.00013898	2.31E-07
10.00004768	-551.4283447	-0.000138683	2.37E-07
9.999741077	-543.2456665	-0.000138634	2.16E-07
10.00024748	-535.5169983	-0.000138242	2.28E-07
10.00049019	-527.4977417	-0.000138106	2.25E-07
10.00042772	-519.4567871	-0.00013792	2.33E-07
10.00015545	-511.660553	-0.000137411	2.49E-07
9.999786377	-503.910202	-0.000137285	2.27E-07
9.999538422	-495.4517212	-0.00013714	1.97E-07
9.999480247	-487.490387	-0.000136899	2.20E-07
9.999698639	-479.7149811	-0.000136697	2.15E-07
9.999708176	-471.6844635	-0.000136274	2.42E-07
9.999529362	-463.6929016	-0.000136176	2.21E-07
9.99972105	-455.657135	-0.000135703	2.76E-07
10.0000906	-447.5824432	-0.00013558	2.32E-07
10.00030708	-439.6144257	-0.000135335	2.44E-07
10.00058222	-431.8708344	-0.000135256	2.22E-07
10.00040531	-423.4919128	-0.000135025	2.43E-07
9.99973774	-415.4658051	-0.000134689	2.29E-07
9.999406815	-407.6440735	-0.000134683	2.22E-07
9.999472618	-399.6970062	-0.000134096	2.26E-07
9.999492645	-391.5702057	-0.000133986	2.41E-07
9.999558926	-383.6307068	-0.000133879	2.32E-07
9.999568462	-375.4593201	-0.000133438	2.33E-07
9.999467373	-367.6423492	-0.000133045	2.19E-07
9.99960804	-359.6671906	-0.00013303	2.12E-07
10.00006962	-351.6237335	-0.000132714	2.53E-07
10.00037098	-343.5974426	-0.00013224	2.32E-07
10.00047684	-335.8894806	-0.00013203	2.31E-07
10.0004077	-327.6549377	-0.000131596	2.33E-07
10.00029039	-319.6598816	-0.000131554	2.54E-07
10.00039291	-311.5791779	-0.000131179	2.56E-07
10.00049686	-303.7846985	-0.000130849	1.78E-07
10.00042486	-295.7680054	-0.000130272	2.10E-07
10.0002346	-287.8066864	-0.000130324	2.43E-07
10.00004339	-279.8938599	-0.00012997	2.39E-07
9.999824524	-271.8616028	-0.000129793	2.35E-07
9.999409676	-263.6157532	-0.000129416	2.01E-07
9.999191284	-255.7814713	-0.000129054	2.48E-07
9.999482155	-247.5304871	-0.000128745	2.16E-07
9.9999156	-239.7984619	-0.000128517	2.20E-07
10.00020838	-231.6801605	-0.000128285	2.82E-07
10.00030994	-223.7018967	-0.000127705	2.33E-07
10.0002346	-215.8442383	-0.000127263	2.03E-07
10.00010014	-207.8716507	-0.000126899	2.36E-07
9.999942303	-199.8506393	-0.000126573	2.11E-07
9.999768734	-191.8209915	-0.000126294	2.27E-07
9.999807358	-183.9029694	-0.000125904	2.09E-07
9.999909878	-176.124939	-0.000125528	2.39E-07
9.999921322	-167.9379425	-0.000125317	2.45E-07
10.00001431	-159.8710632	-0.000124629	1.96E-07
10.00008106	-151.831871	-0.000124384	2.31E-07
10.00018215	-143.7494049	-0.000124121	2.18E-07
10.00013828	-135.8498993	-0.000123582	2.25E-07
9.999780655	-127.8566093	-0.000123062	2.22E-07
9.999783993	-119.7030334	-0.000122841	2.56E-07
10.0000248	-111.874733	-0.000122205	2.42E-07
9.99996233	-103.8087769	-0.000121834	2.36E-07
9.99986887	-95.74836731	-0.000121509	2.42E-07
9.999944687	-87.86623764	-0.000120728	2.39E-07
9.999871731	-79.86774445	-0.000120467	2.08E-07
9.999556541	-71.79045868	-0.000119993	2.27E-07
9.99937439	-63.83349419	-0.000119414	2.41E-07
9.999283314	-55.88862228	-0.000119184	2.01E-07
9.999343872	-47.88662148	-0.000118384	2.32E-07
9.999954224	-39.9305172	-0.000117843	2.34E-07
10.00034142	-32.11528111	-0.000117397	2.12E-07
10.00005484	-23.85910034	-0.000116609	2.15E-07
9.999666214	-15.83982658	-0.000115929	2.36E-07
9.999470234	-7.866413116	-0.000115313	2.37E-07
9.999499321	-0.062408209	-0.000114852	2.09E-07
9.999838829	8.197212458	-0.000114198	2.27E-07
10.00024128	16.21996975	-0.000113549	2.27E-07
10.00027657	24.03868008	-0.000112883	2.51E-07
10.00007248	32.10012913	-0.000112259	2.54E-07
10.00001431	40.19470978	-0.000111618	2.14E-07
10.00026846	48.25033951	-0.000110896	2.61E-07
10.00038815	56.16057205	-0.000110119	2.24E-07
10.00023413	64.38043785	-0.000109242	2.20E-07
10.00017786	72.40235138	-0.000108365	2.27E-07
10.00006294	79.96858215	-0.000107834	2.62E-07
10.00006247	87.98952103	-0.000106879	2.25E-07
10.00015259	96.0103569	-0.000105905	2.63E-07
10.00028133	103.7659492	-0.000105617	2.54E-07
10.00039005	111.9298096	-0.000104521	2.11E-07
10.00029325	120.1423454	-0.000103733	2.11E-07
10.0002327	127.9601555	-0.000102603	2.37E-07
10.00019693	135.733429	-0.000101893	2.53E-07
10.00020838	143.6973343	-0.000101092	2.34E-07
10.0004549	151.9492264	-0.000100355	2.50E-07
10.0006175	159.9719543	-9.93E-05	2.20E-07
10.00023603	167.9306641	-9.85E-05	2.42E-07
9.999864101	175.9750671	-9.76E-05	2.25E-07
9.999765873	183.8500366	-9.66E-05	1.84E-07
9.999433517	192.0095901	-9.52E-05	2.36E-07
9.999330521	199.8210907	-9.45E-05	2.16E-07
9.999452114	208.3088303	-9.34E-05	2.32E-07
9.999790668	215.6917801	-9.20E-05	2.62E-07
10.0000968	223.9272461	-9.11E-05	2.44E-07
10.00010729	231.674118	-8.98E-05	2.50E-07
9.999949455	239.7159042	-8.82E-05	2.30E-07
9.999846458	247.9885406	-8.68E-05	2.53E-07
9.999538898	256.1590195	-8.52E-05	2.55E-07
9.999269485	263.9015808	-8.33E-05	2.26E-07
9.99941206	271.7800293	-8.14E-05	2.39E-07
9.999459743	279.7819977	-7.88E-05	2.26E-07
9.999556541	287.670578	-7.61E-05	2.55E-07
10.00002241	295.7495575	-7.31E-05	2.20E-07
10.00043774	303.8484802	-6.92E-05	2.49E-07
10.00035191	311.771759	-6.54E-05	2.55E-07
10.00004673	319.5635071	-6.10E-05	2.65E-07
10.0001893	327.4756012	-5.63E-05	2.86E-07
10.0005393	335.5234833	-5.14E-05	2.80E-07
10.00056505	343.5703888	-4.66E-05	2.93E-07
10.00040007	351.6477051	-4.16E-05	3.03E-07
10.00011396	359.6184998	-3.68E-05	3.11E-07
10.0000577	367.3817596	-3.20E-05	2.93E-07
10.00038767	375.5341644	-2.76E-05	2.70E-07
10.0002737	383.7922974	-2.24E-05	2.79E-07
10.0000596	391.6168518	-1.78E-05	2.88E-07
10.00011587	399.5893707	-1.21E-05	3.24E-07
10.00015736	407.3492432	-5.68E-06	3.25E-07
10.00017881	415.6201782	1.63E-06	3.19E-07
10.00014639	423.6524353	9.41E-06	3.25E-07
10.00015497	431.614624	1.74E-05	3.02E-07
10.00031376	439.3970032	2.55E-05	3.57E-07
10.00017643	447.6073914	3.31E-05	3.59E-07
9.999891281	455.6435699	4.12E-05	3.52E-07
9.999618053	463.6740723	4.95E-05	3.81E-07
9.999534607	471.6600037	5.74E-05	3.41E-07
9.999692917	479.7905121	6.51E-05	3.34E-07
10.0001564	487.7907562	7.20E-05	3.11E-07
10.00068188	495.7765198	7.80E-05	2.93E-07
10.00044107	503.3557129	8.40E-05	3.04E-07
9.999714851	511.4987488	8.90E-05	2.73E-07
9.999200821	519.5310364	9.38E-05	2.80E-07
9.999154091	527.4508057	9.79E-05	2.69E-07
9.999752522	535.1838074	0.000102059	2.48E-07
10.00049543	543.3370667	0.000106028	2.77E-07
10.00042534	551.3373413	0.000109567	2.55E-07
10.00016642	559.2839661	0.000112765	2.37E-07
10.00032091	567.5374756	0.000115717	2.48E-07
10.0001173	575.3484192	0.000118285	2.56E-07
9.999840736	583.5561829	0.000120502	2.02E-07
10	591.322937	0.000122444	2.29E-07
10.0002408	599.3508911	0.000124347	2.05E-07
10.00056934	607.2749939	0.000125992	2.25E-07
10.00071335	615.3237305	0.000127003	2.44E-07
10.00027609	623.15625	0.000127872	2.26E-07
9.99983263	631.1807251	0.000128937	2.11E-07
9.999678135	639.3625488	0.000129866	2.33E-07
9.999475479	647.3919067	0.000130666	2.53E-07
9.999330521	655.2357483	0.000131404	2.09E-07
9.999547958	663.3364563	0.000131684	2.36E-07
10.00003672	671.289093	0.000132377	2.10E-07
10.00037766	679.2927856	0.000132807	2.34E-07
10.00022411	687.3882751	0.00013328	2.44E-07
9.999848843	695.3426208	0.000133751	2.34E-07
9.999798775	703.0626526	0.000134224	2.04E-07
9.999951839	711.1053162	0.000134653	2.29E-07
10.00021791	719.1505432	0.000135063	2.32E-07
10.00047636	727.1247864	0.000135312	2.18E-07
10.00037766	735.3083496	0.00013587	2.27E-07
10.00008869	743.1270447	0.000136003	2.18E-07
10.00013065	751.3322144	0.000136518	2.17E-07
10.00007582	759.11026	0.000136792	2.03E-07
9.999591351	767.1771851	0.000136943	2.75E-07
9.999398232	775.24823	0.000137322	2.26E-07
9.999541283	783.12146	0.000137468	2.08E-07
9.999577522	791.0628662	0.000137942	2.01E-07
9.999816418	799.0518494	0.000138126	2.44E-07
10.00011683	807.1092834	0.000138693	1.98E-07
10.00028896	815.0576477	0.000138741	2.04E-07
10.00047684	823.0128174	0.000138676	2.47E-07
10.00012302	831.0891418	0.000139322	2.25E-07
9.999625683	839.1603394	0.000139377	2.30E-07
9.999562263	847.140686	0.00013995	2.37E-07
9.99972105	855.0872803	0.000140088	2.34E-07
9.999918938	862.9094543	0.00014049	2.38E-07
10.00016356	871.1872559	0.000140628	2.58E-07
10.00039434	878.8546143	0.000140689	2.56E-07
10.00026751	886.8453064	0.000141012	2.12E-07
9.999833107	894.8498535	0.000141431	2.58E-07
9.999599934	902.8319092	0.000141241	2.45E-07
9.999964237	910.6922302	0.000141729	2.00E-07
10.00016785	918.6647034	0.000141843	2.56E-07
9.999994278	927.0222168	0.000142136	2.36E-07
9.999882221	934.9081726	0.000142405	2.38E-07
9.999970436	942.9170227	0.00014292	2.68E-07
10.00007629	950.8109131	0.000142764	2.12E-07
9.999780655	958.8024902	0.000143333	2.23E-07
9.99956274	967.0414429	0.000143286	2.41E-07
9.999620914	974.7675171	0.000143409	2.32E-07
9.999597549	983.1701965	0.00014361	2.62E-07
9.999563217	990.7793579	0.000143711	2.12E-07
9.99982214	999.0044556	0.000143911	2.42E-07
10.0000658	1006.944153	0.000144361	1.96E-07
9.999943256	1014.742065	0.000144427	2.60E-07
9.999692917	1022.758759	0.000144672	2.38E-07
9.999629021	1030.9198	0.000144702	2.21E-07
9.999876499	1038.720276	0.000144902	2.09E-07
9.9999547	1046.795837	0.00014516	2.31E-07
9.999568939	1054.572998	0.000145681	2.17E-07
9.999406338	1062.785889	0.000145457	1.97E-07
9.999693394	1070.769653	0.00014574	2.31E-07
9.999845028	1078.796753	0.000145895	2.68E-07
10.00009918	1086.624084	0.000146042	2.43E-07
10.0004878	1094.957947	0.000146078	2.50E-07
10.00063419	1102.762878	0.000146605	2.26E-07
10.00065899	1110.940979	0.000146824	2.32E-07
10.00052309	1118.783325	0.000146879	2.14E-07
10.00042772	1126.748047	0.000147036	2.28E-07
10.00032043	1134.858032	0.00014708	2.19E-07
10.00001526	1143.143677	0.000147225	2.41E-07
9.999774456	1150.946838	0.000147483	2.35E-07
9.99977684	1158.757263	0.000147752	2.34E-07
9.999844074	1166.752808	0.000148003	2.12E-07
9.999863148	1174.583618	0.000148209	2.15E-07
9.999731541	1182.79303	0.000148253	2.20E-07
9.999504566	1190.808838	0.000148393	2.04E-07
9.999299526	1198.684753	0.000149014	2.37E-07
9.999091148	1206.632263	0.000148785	2.34E-07
9.999266624	1214.560364	0.000148816	2.23E-07
9.999843121	1222.695435	0.000148966	2.19E-07
10.00058317	1230.520203	0.000149491	2.31E-07
10.00082684	1238.586365	0.000149454	2.50E-07
10.0005064	1246.54071	0.000149779	2.56E-07
10.00037193	1254.560974	0.000149567	2.30E-07
10.00034714	1262.59668	0.000149897	2.39E-07
10.00020742	1270.536682	0.000149986	2.24E-07
10.00011206	1278.581116	0.000150233	2.48E-07
10.00007057	1286.700439	0.000150614	2.29E-07
9.999768734	1294.661255	0.000150851	2.36E-07
9.99932003	1302.606995	0.000150935	2.62E-07
9.999176502	1310.58606	0.00015088	2.15E-07
9.999655247	1318.821472	0.000151139	2.39E-07
9.999822617	1326.816528	0.000151209	2.06E-07
9.999382019	1334.51239	0.000151421	2.59E-07
9.999578476	1342.595154	0.000151853	1.98E-07
9.999984264	1350.645264	0.000151833	2.20E-07
10.00022984	1358.569275	0.00015198	2.40E-07
10.00037193	1366.546204	0.000152301	2.08E-07
10.00034285	1374.607971	0.000152222	2.32E-07
10.00028324	1382.545044	0.000152423	2.39E-07
10.00011539	1390.50116	0.000152701	2.34E-07
10.0000453	1398.515259	0.000152812	2.42E-07
10.00019217	1406.371155	0.000153086	2.50E-07
10.00026798	1414.556396	0.000153039	2.42E-07
9.999948502	1422.642273	0.000153272	1.96E-07
9.999749184	1430.379822	0.000153654	2.32E-07
9.999931812	1438.456848	0.000153478	2.13E-07
10.00033092	1446.268616	0.000153577	2.14E-07
10.0004797	1454.485901	0.000153821	2.09E-07
10.0005312	1462.468445	0.000154075	2.27E-07
10.00065041	1470.298645	0.000154241	2.33E-07
10.00056171	1478.308594	0.000154234	2.00E-07
10.00016165	1486.290527	0.000154417	2.21E-07
9.999630928	1494.370483	0.000154633	1.94E-07
9.999222755	1502.527954	0.000154645	2.41E-07
9.999283791	1510.351074	0.000154965	2.08E-07
9.999788761	1518.559875	0.000155392	2.41E-07
10.00041723	1526.349915	0.000155369	2.37E-07
10.00072813	1534.157166	0.000155427	2.24E-07
10.00039482	1542.551819	0.000155491	2.35E-07
9.999738693	1550.284851	0.000155651	2.34E-07
9.999405861	1558.339539	0.000155609	1.99E-07
9.999660492	1566.315491	0.000155845	2.06E-07
9.999861717	1574.32782	0.000156174	2.43E-07
9.999729633	1582.539978	0.000156085	2.21E-07
9.999872208	1590.299011	0.000156418	2.25E-07
10.00002766	1598.525818	0.000156262	2.41E-07
9.999891281	1606.352722	0.000156619	2.06E-07
9.999867916	1614.329651	0.00015653	2.16E-07
10.00011063	1622.307678	0.000156821	2.22E-07
10.00063038	1630.853455	0.000156924	2.16E-07
10.00047302	1638.298706	0.000156918	2.34E-07
10.00020075	1646.091614	0.000157004	2.37E-07
10.00019693	1654.217102	0.000157094	2.40E-07
10.00025845	1662.049561	0.000157218	2.27E-07
10.00026751	1670.199402	0.000157335	1.97E-07
10.00041389	1678.206543	0.000157379	2.34E-07
10.00017595	1686.25354	0.000157614	2.21E-07
9.999633789	1694.07312	0.000157543	2.45E-07
9.999592304	1702.320618	0.000157865	2.42E-07
9.999871254	1710.226563	0.000157742	2.15E-07
10.00004482	1718.235413	0.000157896	2.10E-07
9.999918461	1726.267761	0.00015795	2.09E-07
9.999604702	1734.085693	0.000158043	2.23E-07
9.999479771	1742.261169	0.000158275	2.38E-07
9.999629974	1750.055786	0.000158518	2.15E-07
9.999577045	1758.114868	0.000158383	4.35E-07
9.99941206	1765.713867	0.000158353	2.15E-07
9.999768257	1773.680359	0.000158709	2.44E-07
10.00035572	1781.63562	0.000158649	2.58E-07
10.00061512	1789.706848	0.000158878	2.25E-07
10.00063133	1797.881958	0.000158965	2.58E-07
10.00041819	1805.830261	0.000158874	2.08E-07
10.00009871	1813.689453	0.000159265	2.59E-07
9.999834538	1822.131592	0.000158989	2.07E-07
9.999676704	1829.966736	0.000159017	2.55E-07
9.999684334	1837.819946	0.000159594	2.15E-07
9.999829292	1845.736267	0.00015947	2.09E-07
10.00002146	1853.743591	0.000159584	2.12E-07
10.00014067	1861.770691	0.000159689	2.68E-07
9.999916553	1869.661743	0.000159427	2.33E-07
9.999742031	1877.628235	0.000159683	2.28E-07
9.999643803	1885.601685	0.000159762	2.38E-07
9.999549866	1893.920532	0.000159813	1.97E-07
9.999857426	1901.685547	0.000160034	2.28E-07
10.00008345	1909.727905	0.000160163	2.25E-07
10.00023794	1917.516296	0.000160108	2.16E-07
10.00004625	1925.664368	0.000160044	2.17E-07
9.999851227	1933.675781	0.000160205	2.25E-07
10.00018406	1941.76947	0.000160281	2.16E-07
10.00067091	1949.774109	0.000160191	2.21E-07
10.00068092	1957.735474	0.000160566	2.08E-07
10.00043392	1965.51947	0.000160569	2.32E-07
10.00020552	1973.663269	0.000160503	2.08E-07
9.99985075	1981.679199	0.00016075	2.46E-07
9.999578953	1989.708923	0.00016088	2.35E-07
9.999564648	1999.522888	0.000160837	1.60E-07
9.9998703	1999.541016	0.000160596	1.87E-07
9.999667168	1999.541138	0.000160812	1.60E-07