Field (T)	Resistance (Ohms)
0.3146844	2468071
0.3509942	2468283
2.645924	2455539
5.306849	2464720
7.907303	2446789
10.5286	2458373
12.88358	2451917
15.60509	2456429
18.18129	2447200
20.71436	2436714
23.20406	2452134
25.83749	2439481
28.38953	2430083
30.90176	2440128
33.55079	2445978
35.95053	2429770
38.54929	2426581
41.21218	2442112
43.65514	2420139
46.13282	2418390
48.81812	2414328
51.27496	2420686
53.89107	2415424
56.42065	2415724
59.01939	2405032
61.5074	2419579
64.09586	2411985
66.61671	2396000
69.22591	2407545
71.73816	2409489
74.30061	2397522
76.8544	2408378
79.43413	2404612
81.9585	2400157
84.50878	2402143
87.13707	2394858
89.59904	2391796
92.2429	2394689
94.69279	2391526
97.2293	2392387
99.6742	2386831
102.2314	2392999
104.8007	2400374
107.3701	2391686
109.9914	2390954
112.5262	2396166
115.0426	2395573
117.6194	2407363
120.1668	2391416
122.6322	2395897
125.2467	2391318
127.8922	2373806
130.3508	2403333
133.0656	2398468
135.4271	2381603
137.9654	2393753
140.4915	2392090
143.0609	2381188
145.5195	2379684
148.2342	2384244
150.6789	2396847
153.3764	2377302
155.8381	2377613
158.3801	2378493
161.0862	2394725
163.4672	2399414
166.199	2387165
168.5641	2380463
171.0885	2387725
173.502	2395491
176.1441	2380464
178.6892	2378656
181.4283	2390853
183.9855	2391467
186.3679	2375072
189.0013	2395867
191.6572	2369734
194.1107	2386963
196.8081	2366839
199.1349	2388820
201.6924	2384084
204.3137	2370555
207.0146	2386460
209.4836	2366680
211.9942	2397293
214.3887	2372892
216.9217	2388427
219.6434	2371176
222.0637	2387049
224.9828	2377581
227.116	2379214
229.8445	2375377
232.5802	2365423
235.0077	2388219
237.397	2378271
239.7465	2368723
242.468	2376463
244.9753	2381113
247.4588	2394508
250.1331	2382865
252.6955	2366550
255.2462	2363537
257.8481	2369695
260.3188	2385766
262.9072	2387289
265.6201	2362179
267.8435	2364259
270.4719	2376321
273.3023	2369796
275.6572	2360974
278.5934	2364840
280.8511	2373220
283.4724	2374965
285.9864	2368798
288.6128	2380670
291.2824	2380869
293.7964	2377132
296.1863	2367999
298.828	2378476
301.5478	2383610
303.8888	2360128
306.5654	2388843
309.0293	2367472
311.5605	2390181
314.0537	2386238
316.5764	2372126
319.1665	2375496
321.6945	2381172
324.2275	2389652
326.6982	2386081
329.2174	2384265
332.1588	2367465
334.4011	2373147
336.9238	2389245
339.6765	2370208
342.1272	2370307
344.8082	2391095
347.141	2368544
350.3197	2380016
352.7081	2385831
355.2723	2373086
357.8243	2376643
360.5476	2373206
363.0564	2372387
365.4476	2373367
368.1761	2383491
370.7489	2371441
373.4204	2376035
375.7613	2364292
378.1491	2382316
380.7462	2366468
383.2322	2381766
385.8641	2372076
388.6566	2360506
391.2381	2375668
393.5774	2378822
395.92	2362872
398.7195	2370956
401.1332	2389246
403.8219	2362102
406.4466	2376779
409.0349	2359955
411.5265	2382293
413.8484	2355841
416.4714	2363857
419.0287	2382251
421.7035	2384398
424.0895	2375514
426.804	2371088
429.3787	2366162
431.8012	2360325
434.4292	2358528
436.9553	2359538
439.6077	2364376
442.1512	2364770
444.7604	2361287
447.3799	2356956
449.8315	2358437
452.1951	2364603
454.7195	2378527
457.5068	2387099
459.9861	2380868
462.5312	2375880
465.0576	2356359
467.4521	2368244
470.1612	2368654
472.8638	2363058
475.3727	2370414
478.0217	2376779
480.591	2367405
483.2349	2362763
485.7281	2372265
488.2058	2375989
490.8304	2370209
493.1904	2376202
495.8049	2373253
498.2791	2365756
500.7619	2372910
503.2396	2370794
506.117	2356672
508.4787	2382112
511.0168	2356635
513.6936	2378242
516.2249	2379561
518.4739	2360440
521.1576	2381180
523.8082	2377333
526.2496	2361067
528.9055	2356764
531.4246	2353494
533.9161	2357095
536.6552	2356855
539.1968	2355634
541.6156	2358605
544.1349	2363098
546.6298	2365226
549.1932	2365428
551.6473	2379428
554.3604	2381941
557.0059	2380509
559.4108	2369903
561.9681	2366288
564.4958	2369111
567.1155	2369479
569.6848	2364091
572.1711	2357428
574.7059	2369221
577.2717	2369104
579.9051	2370017
582.5471	2363469
585.0731	2363254
587.6788	2368876
590.2171	2370770
592.8436	2370160
595.3655	2361577
598.0185	2369958
600.5463	2369056
603.2282	2361587
605.6694	2360821
608.2042	2367045
610.7199	2363680
613.31	2359661
615.9919	2368822
618.293	2374850
620.9576	2366670
623.4993	2368669
626.2051	2363509
628.6519	2362753
631.2108	2367042
633.7213	2362050
636.2802	2364028
638.9084	2357786
641.4379	2369920
643.8326	2375647
646.58	2368862
649.2879	2359839
651.8175	2349926
654.2588	2351445
656.6259	2356915
659.356	2359225
661.9721	2373406
664.2872	2356027
666.9792	2372486
669.3636	2365238
671.9884	2368971
674.6182	2374704
677.0958	2369886
679.7654	2361108
682.2986	2366618
684.7642	2357066
687.3522	2362837
689.9852	2362034
692.5432	2363701
695.0519	2358112
697.4899	2349819
699.9762	2353825
702.6786	2357088
705.3431	2360490
707.9108	2370220
710.3867	2372945
712.9197	2376864
715.382	2373992
718.0377	2360809
720.6192	2362316
723.0865	2365618
725.642	2372287
728.1784	2370144
730.7098	2374722
733.3224	2370826
735.9212	2368556
738.5476	2363226
740.9733	2350541
743.5861	2361843
746.1796	2378365
748.7421	2356290
751.2387	2360502
753.7613	2361540
756.3116	2368624
758.9208	2369614
761.4885	2360774
763.935	2362064
766.4161	2380019
768.9284	2369559
771.4666	2360947
774.0411	2355970
776.6711	2359689
779.237	2360190
781.7995	2350004
784.2771	2348316
786.7634	2360425
789.4228	2371783
791.9125	2355879
794.487	2344496
797.0079	2357352
799.5878	2361619
802.2402	2371280
804.7143	2359549
807.3183	2348963
809.8635	2362942
812.3098	2366619
814.8689	2359275
817.4451	2345347
820.0302	2362612
822.615	2362974
825.1411	2351218
827.6776	2369715
830.7191	2354454
833.0583	2369073
835.7816	2356817
838.2974	2362202
840.7042	2352729
843.3771	2348192
845.9015	2341193
848.4346	2344755
850.9643	2345905
853.4298	2339799
856.1063	2346779
858.7207	2347604
861.264	2355817
863.8283	2353028
866.2075	2358777
868.993	2355233
871.4896	2357655
874.1143	2357990
876.3668	2359690
878.8969	2354390
881.4749	2361147
884.1336	2355564
886.5737	2352022
889.0117	2363405
891.6501	2351600
894.2108	2359252
896.7767	2348740
899.3201	2364102
902.2993	2347969
904.9033	2360869
907.2737	2360619
910.0178	2355898
912.4711	2355024
915.2361	2354462
917.6548	2346638
920.2468	2345644
922.7976	2345529
925.1883	2340487
927.8492	2358916
930.3788	2364692
932.9932	2361918
935.5601	2353180
937.9711	2341962
940.5818	2344628
943.1339	2359343
945.6841	2360437
948.2363	2365702
950.8558	2360979
953.3802	2361160
955.9962	2367992
958.4289	2365347
961.0959	2355681
963.4882	2353854
966.1733	2355227
968.767	2343269
971.1771	2345980
973.8101	2363581
976.392	2362524
978.8821	2350571
981.477	2352075
983.9754	2355114
986.4774	2365154
989.0762	2360339
991.5399	2344198
994.1312	2348561
996.6787	2364886
999.2809	2358314
1001.712	2346753
1004.281	2368114
1006.88	2353322
1009.583	2352084
1012.019	2365496
1014.45	2345372
1017.08	2359121
1019.758	2347073
1022.097	2362268
1024.812	2349947
1027.309	2366926
1029.75	2341454
1032.438	2363241
1034.965	2355854
1037.484	2354686
1040.045	2355188
1042.645	2359152
1045.136	2352488
1047.635	2364876
1050.208	2346547
1052.724	2364812
1055.374	2345779
1057.852	2365028
1060.423	2346366
1063.067	2361382
1065.638	2356602
1068.041	2350174
1070.612	2368417
1073.154	2363131
1075.768	2354370
1078.315	2366839
1080.959	2353164
1083.468	2355453
1085.983	2374149
1088.487	2355089
1091.081	2344398
1093.596	2353049
1096.112	2369770
1098.714	2368116
1101.156	2370040
1103.851	2368786
1106.374	2367629
1108.883	2373223
1111.516	2358889
1113.942	2358474
1116.563	2360864
1119.093	2374022
1121.627	2370938
1124.273	2366523
1126.568	2367741
1129.074	2366741
1131.694	2348367
1134.255	2347160
1136.798	2351355
1139.471	2363926
1141.876	2368979
1144.451	2358487
1146.965	2344670
1149.583	2353676
1152.062	2369527
1154.564	2346936
1157.076	2369786
1159.699	2352640
1162.248	2354885
1164.916	2362442
1167.414	2358646
1169.904	2352759
1172.529	2352957
1174.987	2369519
1177.574	2345540
1180.133	2349696
1182.723	2363865
1185.169	2372323
1187.779	2354983
1190.415	2345481
1192.929	2362169
1195.455	2370707
1198.022	2369839
1200.598	2369442
1203.169	2370560
1205.733	2363535
1208.15	2368981
1210.583	2362162
1213.211	2366228
1215.768	2360684
1218.4	2359393
1220.99	2365007
1223.597	2369321
1225.938	2367529
1228.528	2374750
1231.147	2366096
1233.934	2362437
1236.122	2344193
1238.664	2360499
1241.306	2357977
1243.922	2352456
1246.514	2361172
1248.995	2365704
1251.504	2361086
1254.225	2349259
1256.641	2366457
1259.276	2352695
1261.821	2359120
1264.292	2351625
1266.83	2361131
1269.296	2361793
1271.901	2346665
1274.702	2360023
1277.021	2362780
1279.769	2356228
1282.132	2352913
1284.689	2352573
1287.227	2354730
1289.87	2360535
1292.243	2346393
1294.923	2363572
1297.38	2343189
1299.919	2358124
1302.516	2354497
1305.095	2353220
1307.8	2355978
1310.386	2359468
1312.852	2348899
1315.329	2358094
1317.883	2356497
1320.492	2349910
1322.868	2362920
1325.479	2358466
1328.107	2352448
1330.775	2351366
1333.227	2353605
1335.737	2353260
1338.424	2355914
1340.798	2355239
1343.532	2361657
1346.12	2363040
1348.556	2357768
1350.899	2355534
1353.641	2348488
1356.168	2358647
1358.657	2364394
1361.357	2352344
1363.824	2364068
1366.282	2348754
1369.033	2365900
1371.509	2348239
1374.015	2359278
1376.657	2357970
1379.006	2351435
1381.572	2351440
1384.109	2355880
1386.873	2356036
1389.443	2353397
1391.879	2355756
1394.383	2357734
1397.1	2359041
1399.578	2356136
1402.146	2346321
1404.717	2350582
1407.266	2359229
1409.7	2353413
1412.278	2348504
1414.937	2361050
1417.179	2347048
1420.004	2352689
1422.537	2360241
1425.231	2358560
1427.665	2349631
1430.137	2354203
1432.442	2357589
1435.105	2354370
1437.792	2355772
1440.493	2363384
1442.803	2348656
1445.443	2358046
1447.981	2358598
1450.528	2355383
1453.116	2351690
1455.608	2359975
1457.987	2361027
1460.662	2355182
1463.177	2343798
1465.839	2364469
1468.271	2350834
1471.081	2347355
1473.353	2360191
1476.229	2355454
1478.566	2352165
1481.094	2345580
1483.665	2359154
1486.333	2343779
1488.814	2370013
1491.318	2345588
1493.75	2358834
1496.467	2344664
1498.902	2364209
1501.917	2362970
1504.453	2346818
1507.174	2355451
1509.561	2360038
1512.19	2350964
1514.762	2353081
1517.229	2352730
1519.964	2359557
1522.579	2359976
1524.899	2352625
1527.442	2355931
1529.963	2360314
1532.714	2357382
1535.147	2347835
1537.65	2363416
1540.23	2355088
1542.718	2349726
1545.245	2348229
1547.736	2358855
1550.394	2342726
1552.972	2357858
1555.604	2353578
1558.224	2356384
1560.794	2346361
1563.206	2339696
1565.495	2348056
1568.367	2348046
1570.602	2349771
1573.293	2351785
1576.047	2356350
1578.535	2342412
1581.119	2358787
1583.646	2345873
1586.174	2348321
1588.714	2357706
1591.275	2350900
1593.702	2339362
1596.235	2353621
1598.917	2342012
1601.585	2353216
1604.052	2353291
1606.532	2344063
1609.171	2350375
1611.573	2347623
1614.09	2342442
1616.768	2358606
1619.176	2344375
1621.709	2342844
1624.709	2350095
1626.971	2343278
1629.573	2343638
1632.127	2347562
1634.667	2340759
1637.222	2356008
1639.612	2346683
1642.437	2346693
1644.885	2348996
1647.5	2349045
1649.832	2346837
1652.426	2356439
1655.175	2339200
1657.502	2359140
1660.083	2346765
1662.648	2336240
1665.421	2353565
1667.771	2338402
1670.423	2354775
1672.967	2350147
1675.418	2342637
1678.074	2351372
1680.832	2346005
1682.919	2342354
1685.724	2349467
1688.227	2350350
1690.537	2348099
1693.39	2346954
1696.041	2353098
1698.269	2345960
1700.917	2347136
1703.505	2352207
1706.079	2347464
1708.49	2352095
1711.111	2344618
1713.666	2347690
1716.096	2339800
1718.71	2341909
1721.342	2347638
1724.044	2357122
1726.477	2347494
1729.289	2345084
1731.591	2342539
1734.149	2345396
1736.569	2349343
1739.424	2349467
1741.758	2348318
1744.367	2347451
1746.881	2345419
1749.489	2341007
1751.961	2346135
1754.548	2341469
1757.369	2344043
1759.401	2339092
1761.927	2344494
1764.337	2350821
1767.073	2347459
1769.533	2345327
1772.118	2347779
1774.58	2346106
1777.188	2344588
1779.762	2340943
1782.28	2347836
1784.882	2346795
1787.45	2350661
1789.927	2337194
1792.528	2347025
1795.218	2345667
1797.588	2337583
1800.18	2347524
1802.719	2343882
1805.3	2342769
1807.682	2351233
1810.285	2353414
1813.012	2352521
1815.472	2342786
1818.092	2348480
1820.446	2350280
1823.099	2347333
1825.628	2349607
1828.361	2347900
1830.729	2350976
1833.349	2349271
1836.013	2349852
1838.392	2353485
1841.024	2355376
1843.548	2348247
1846.081	2349315
1848.671	2359418
1851.203	2355815
1853.727	2347614
1856.312	2348548
1859.002	2353651
1861.772	2354819
1864.219	2353044
1866.942	2355107
1869.458	2353783
1871.804	2348441
1874.396	2359894
1876.932	2351518
1879.538	2353648
1882.076	2353543
1884.557	2350443
1887.047	2348492
1889.758	2346973
1892.201	2358186
1894.902	2357095
1897.43	2355709
1900.131	2347674
1900.924	2352867
1902.183	2347541
1903.417	2354041
1904.748	2355353
1905.971	2346288
1907.181	2353902
1908.634	2351862
1909.783	2348440
1911.018	2350131
1912.41	2353368
1913.681	2354520
1914.964	2348688
1916.198	2351206
1917.457	2347749
1918.764	2345640
1919.999	2361969
1921.378	2351168
1922.661	2342455
1923.896	2353671
1925.179	2347062
1926.401	2353089
1927.696	2351602
1928.919	2344050
1930.323	2345428
1931.436	2357284
1932.84	2356531
1934.05	2346836
1935.297	2348760
1936.628	2348602
1938.032	2355029
1939.134	2356291
1940.562	2345011
1941.772	2348672
1943.067	2353640
1944.338	2356068
1945.536	2348697
1946.892	2350860
1948.26	2347998
1949.506	2353548
1950.644	2351079
1951.975	2349426
1953.295	2351329
1954.614	2350448
1955.8	2352305
1957.095	2351712
1958.487	2347116
1959.758	2348639
1961.016	2346140
1962.299	2340601
1963.546	2342016
1964.829	2351087
1966.088	2351396
1967.334	2358696
1968.726	2352998
1969.961	2356244
1971.28	2346911
1972.502	2351479
1973.785	2351356
1975.044	2353966
1976.291	2347829
1977.586	2346798
1978.953	2353055
1980.2	2356765
1981.398	2351969
1982.681	2345573
1983.916	2353426
1985.138	2353893
1986.445	2355496
1987.716	2345335
1989.12	2353181
1990.343	2355422
1991.65	2349201
1992.933	2351489
1994.155	2350151
1995.426	2352083
1996.66	2343203
1998.077	2346390
1999.323	2349339
1999.674	2349245
1999.65	2346067
1974.993	2349303
1940.863	2351744
1906.846	2353261
1872.874	2355562
1838.909	2351937
1804.938	2355538
1770.956	2355143
1737.305	2345984
1703.277	2351418
1669.306	2351971
1635.363	2354105
1601.283	2355381
1567.341	2351732
1533.271	2349638
1499.404	2357311
1465.38	2350945
1431.36	2350438
1397.498	2357713
1363.402	2356525
1329.434	2353675
1295.447	2359159
1261.437	2355046
1227.455	2351545
1193.581	2354460
1159.498	2355765
1125.5	2354061
1091.694	2353642
1057.591	2359972
1041.388	2365694
1024.37	2353087
1007.389	2356389
1000.273	2359674
1000.249	2354827
998.3204	2357083
994.8537	2359667
991.572	2361257
987.991	2357004
984.6693	2354237
981.4415	2355200
978.1287	2356667
974.4873	2355019
971.0672	2353922
967.7458	2354808
964.2894	2361526
961.0511	2359768
957.6741	2358241
954.2883	2356726
950.9198	2360788
947.4333	2359447
943.816	2358412
940.7425	2356383
937.3356	2356363
933.8532	2359071
930.4471	2352509
927.0234	2357367
923.5032	2355384
920.0573	2359286
916.7342	2356987
913.5338	2361614
910.0115	2360266
906.6608	2362919
903.1042	2355116
899.9365	2362403
896.342	2357803
893.1259	2361640
889.6072	2359886
886.0662	2356018
882.954	2358761
879.4786	2364901
876.0309	2363213
872.8996	2362653
869.4796	2364738
866.0388	2362538
862.451	2357393
859.2506	2360271
855.6998	2363528
852.2602	2357858
849.0026	2354726
845.42	2357313
842.0674	2353358
838.912	2356745
835.4834	2353674
831.9943	2360359
828.6484	2351955
825.228	2355663
821.6302	2357607
818.4747	2351323
814.8662	2363718
811.4655	2357855
808.296	2356378
804.6476	2354894
801.4403	2356685
798.0394	2364217
794.6261	2358231
791.2649	2360469
787.9003	2363098
784.4127	2360573
781.0203	2353932
777.6765	2360765
773.9901	2349969
770.8697	2352770
767.4059	2353456
764.0048	2359330
760.5435	2364368
757.3483	2356766
753.7794	2358939
750.5297	2357154
747.1088	2360416
743.5298	2355493
740.0214	2352133
736.7363	2359125
733.5878	2364508
729.8201	2352027
726.7755	2351550
723.0838	2353730
719.7054	2357486
716.2247	2357797
712.9622	2350890
709.4279	2357207
706.1532	2355965
702.939	2362325
699.3235	2352486
696.1893	2360834
692.7549	2361192
689.3071	2358237
685.9097	2356661
682.2821	2360493
679.1336	2360611
675.532	2362831
672.3108	2356141
668.9582	2363533
665.2978	2360503
661.8674	2357392
658.4958	2367064
655.119	2361716
651.7432	2361375
648.3031	2360348
644.9176	2368445
641.5823	2373579
637.6333	2359792
634.1804	2360787
630.7569	2360879
627.2704	2367307
623.998	2365372
620.4223	2359857
617.0574	2369470
613.6617	2353509
610.3871	2362985
606.9498	2364776
603.5211	2358773
600.0906	2364157
596.7571	2361214
593.389	2357427
589.9846	2365057
586.5143	2361171
583.1064	2365011
579.7192	2365450
576.3995	2359094
572.8878	2356651
569.5265	2363319
566.1359	2364397
562.6847	2364643
559.3668	2368040
555.9277	2363744
552.5422	2356746
549.0703	2360524
545.6865	2368897
542.4897	2362275
539.0178	2364933
535.6133	2371950
532.3542	2360111
528.7247	2364766
525.3912	2366092
522.0992	2367909
518.5649	2365510
515.2141	2367885
511.7958	2364755
508.4103	2364103
504.9834	2367475
501.6204	2362711
498.2021	2367286
494.7976	2362137
491.4693	2369355
488.0164	2365169
484.553	2368829
481.2074	2367334
477.4139	2368478
473.9731	2367076
470.809	2374360
467.1382	2371537
463.8238	2370062
460.5835	2372530
456.9109	2360650
453.5757	2373255
450.1245	2368462
447.036	2370904
443.3553	2368074
439.982	2369072
436.6122	2373504
433.1748	2372462
429.9501	2369568
426.4264	2374072
423.1966	2372524
419.5742	2364417
416.3616	2369219
412.9295	2371312
409.4335	2374086
406.2053	2378718
402.5656	2363075
399.2321	2378499
395.8069	2377876
392.5372	2380632
389.0239	2374295
385.5952	2377600
381.5527	2370736
378.2313	2371276
374.825	2370288
371.6576	2378185
368.1665	2375119
364.5407	2376922
361.2834	2384096
357.8321	2380662
354.4967	2380319
351.0128	2378089
347.6222	2377815
344.1917	2376399
340.7648	2382018
337.3568	2374527
333.9005	2378197
330.5323	2376351
327.1262	2376527
323.7563	2376291
320.5438	2377224
317.269	2380197
313.5929	2368756
310.2577	2384715
306.9207	2374084
303.4609	2376238
300.0322	2376585
296.5826	2380386
293.2993	2376774
289.8983	2378473
286.4662	2374689
283.0669	2381346
279.6734	2378580
276.2147	2380088
272.8449	2377396
269.4283	2379881
266.1518	2378924
262.6617	2380420
259.2858	2379901
255.8137	2371220
252.5305	2373540
249.1157	2379241
245.6679	2385928
242.2063	2388065
238.8537	2383658
235.3783	2377619
231.9963	2391924
228.5157	2384526
225.1476	2385971
221.7985	2386797
218.1658	2384342
214.8509	2387308
211.319	2389437
208.0215	2380670
204.643	2386172
201.2178	2380747
197.8445	2390144
194.5092	2388663
191.0926	2390295
187.657	2385408
184.2975	2387670
180.8237	2392278
177.4349	2385986
174.212	2390365
170.6623	2388969
167.244	2384416
163.8846	2384906
160.3952	2390048
157.0098	2395072
153.7542	2395635
150.3431	2395970
146.9227	2391960
143.5304	2390479
140.2901	2386191
136.6331	2390077
133.2269	2389841
129.8814	2390612
126.3817	2383618
123.0603	2389319
119.6108	2394198
116.1808	2399112
112.7884	2397618
109.3698	2398274
106.0742	2392925
102.5677	2400022
99.2998	2393243
95.88672	2403899
92.46658	2396210
89.12449	2397792
85.70959	2398805
82.35357	2400896
78.84531	2405967
75.59161	2397797
72.11943	2401154
68.71149	2401124
65.41756	2402688
61.98391	2401293
58.53098	2406810
55.16285	2412771
51.68394	2410578
48.33659	2410934
44.88706	2407872
41.58818	2409725
38.13873	2410154
34.68402	2416565
31.34877	2416181
27.91488	2425060
24.52251	2426247
21.13885	2432350
17.77938	2425187
14.30216	2432584
10.95832	2439801
7.527899	2442610
4.040321	2449110
0.6582995	2459057
-2.713264	2465762
-6.154074	2468799
-9.508811	2475964
-12.94225	2494226
-16.36226	2505649
-19.69201	2516413
-23.15047	2517111
-26.54106	2555598
-29.90398	2567352
-33.30325	2590177
-36.6506	2591149
-40.19873	2605739
-43.62052	2623961
-46.90733	2646607
-50.32731	2660927
-53.8201	2670406
-57.16228	2684198
-60.55807	2679923
-63.97637	2687130
-67.40683	2684745
-70.70406	2700581
-74.19335	2697094
-77.61857	2697613
-80.97353	2694890
-84.35134	2694688
-87.70388	2702274
-91.14642	2694817
-94.49727	2703302
-97.96057	2704200
-101.4135	2707393
-104.6553	2701793
-108.1619	2696819
-111.5075	2702843
-114.9362	2692212
-118.3563	2696218
-121.759	2692445
-125.1306	2690488
-128.5109	2694712
-131.9032	2692420
-135.4133	2696382
-138.7226	2695644
-142.0665	2694416
-145.5038	2688971
-148.9412	2691546
-152.2713	2684839
-155.7	2685350
-159.1217	2682470
-162.599	2681237
-165.9601	2674596
-169.3491	2667125
-172.705	2680397
-176.1095	2678433
-179.5642	2670197
-182.9115	2675738
-186.3541	2660127
-189.6685	2667989
-193.1371	2659351
-196.571	2653690
-199.9426	2651234
-203.3453	2654037
-206.7013	2645744
-210.1464	2628626
-213.5811	2623771
-217.0411	2620955
-220.2777	2620758
-223.7115	2604085
-227.1783	2589549
-230.5066	2592982
-233.7763	2594195
-237.2188	2583582
-240.5939	2571014
-244.2058	2572964
-247.4305	2562947
-250.7	2561828
-254.4322	2437119
-257.7632	2436604
-261.0051	2410956
-264.6811	2416536
-268.0995	2406721
-271.2151	2411444
-274.8045	2413961
-278.0257	2409236
-281.5893	2400087
-284.8139	2393855
-288.2306	2387185
-291.8495	2386192
-295.1604	2384332
-298.392	2388888
-301.8502	2381651
-305.1871	2385170
-308.6349	2382016
-312.2711	2388270
-315.4629	2373657
-318.9728	2385657
-322.1853	2377100
-325.6451	2381268
-329.0512	2378157
-332.3745	2381902
-336.0794	2376528
-339.1557	2378682
-342.5031	2370877
-345.8125	2375191
-349.4435	2373412
-352.8687	2378312
-356.1851	2367480
-359.6101	2372933
-363.082	2372210
-366.5439	2369922
-369.6853	2371925
-373.2141	2367993
-376.4804	2372384
-380.236	2373260
-383.5678	2367660
-386.7804	2371985
-390.3698	2370323
-393.6031	2375814
-396.9903	2373528
-400.2771	2369435
-403.9312	2370439
-407.3299	2370794
-410.5182	2366961
-414.2097	2372532
-417.6298	2365919
-420.7863	2364307
-424.3401	2370714
-427.7809	2372443
-431.2218	2366844
-434.6557	2368336
-437.965	2364484
-441.2863	2369985
-444.7964	2362551
-448.1472	2367275
-451.4721	2368145
-455.0117	2371797
-458.4507	2362973
-461.7305	2366103
-465.0502	2366778
-468.4824	2362153
-471.963	2369900
-475.3848	2364913
-478.72	2367889
-482.1193	2368249
-485.5653	2367919
-488.9247	2366480
-492.4036	2368585
-495.8341	2374667
-499.1434	2364675
-502.6171	2360644
-506.0734	2365848
-509.4105	2362303
-512.8427	2373241
-516.1951	2364308
-519.5719	2365155
-523.0439	2373878
-526.3463	2372475
-529.813	2370111
-533.1901	2366541
-536.6549	2373868
-539.9209	2367748
-543.4172	2364818
-546.7765	2366823
-550.1846	2368505
-553.6115	2365750
-557.0385	2368754
-560.4759	2363917
-563.7003	2362988
-567.1324	2366488
-570.4557	2361913
-574.0021	2363510
-578.2696	2371701
-581.3434	2370653
-584.9433	2363122
-588.2943	2363079
-591.7643	2371745
-595.1656	2366308
-598.5872	2370341
-601.9882	2366028
-605.1125	2364911
-608.5464	2365194
-612.1117	2365840
-615.5229	2367133
-618.7114	2361665
-622.396	2365314
-625.7365	2366505
-629.1755	2370804
-632.5523	2365698
-635.8463	2364486
-639.2902	2365966
-642.7502	2364403
-646.0842	2364142
-649.2996	2369390
-652.7405	2362534
-656.3075	2363366
-659.8014	2373921
-663.2515	2363034
-666.5348	2366787
-669.7455	2366255
-673.1916	2368544
-676.4957	2365085
-680.1614	2363685
-683.2318	2362545
-686.837	2354270
-690.0911	2366989
-693.6859	2370365
-697.0349	2370423
-700.4619	2359040
-703.9218	2356934
-707.3141	2360421
-710.6616	2379860
-713.8532	2357970
-717.5137	2358994
-720.9009	2357753
-724.2955	2365883
-727.7738	2367151
-731.1425	2366009
-734.3785	2353380
-738.0372	2363500
-741.4418	2361747
-744.9137	2362770
-748.3337	2362447
-751.6863	2363945
-755.0631	2360981
-758.4763	2368186
-761.8547	2363128
-765.2644	2363343
-768.726	2368182
-772.0958	2357796
-775.5107	2362286
-778.9186	2362081
-782.5722	2362084
-785.6341	2360258
-789.2445	2362485
-792.6801	2363319
-795.9221	2364869
-799.2484	2357670
-802.8553	2357545
-806.1942	2354668
-809.4205	2359917
-812.8683	2362541
-816.3472	2364094
-819.8068	2373646
-823.0551	2359811
-826.6844	2350488
-829.8768	2353613
-833.2708	2364909
-836.9416	2359171
-840.1075	2360145
-843.4653	2357072
-846.8801	2363898
-850.4349	2361336
-853.8533	2358504
-857.2665	2365599
-860.4114	2349433
-863.8608	2369492
-867.5179	2363196
-870.7356	2358976
-874.3753	2359490
-877.6686	2370225
-880.9127	2353163
-884.3085	2357991
-887.8755	2359824
-891.159	2359382
-894.4907	2349651
-897.8832	2365991
-900.3726	2363318
-902.2486	2354613
-903.7979	2362023
-905.5407	2356505
-907.2957	2363065
-908.9659	2363203
-910.7209	2361434
-912.4638	2362435
-914.0372	2359496
-915.7679	2370238
-917.4625	2366488
-919.2174	2364506
-920.8149	2351886
-922.5215	2362789
-924.2886	2363164
-925.9831	2356770
-927.5928	2358302
-929.3236	2356724
-931.1875	2361414
-932.7609	2359861
-934.4796	2358446
-936.2466	2366479
-937.929	2360190
-939.5145	2356954
-941.2332	2358710
-942.9881	2360502
-944.7189	2361030
-946.4739	2357238
-948.1441	2357782
-949.9233	2362356
-951.4725	2356870
-953.1428	2357266
-954.9099	2357824
-956.5317	2362898
-958.3834	2363633
-959.969	2351311
-961.6998	2369013
-963.4185	2364580
-965.1008	2361476
-966.8921	2357563
-968.4776	2358641
-970.3294	2362616
-971.927	2361548
-973.682	2356554
-975.3643	2360021
-976.9257	2362742
-978.8017	2360469
-980.4598	2359891
-982.1301	2356692
-983.8729	2356107
-985.4705	2362387
-987.3344	2360371
-989.0773	2358487
-990.6628	2362409
-992.4299	2353440
-993.9913	2360231
-995.8309	2359745
-997.5617	2357485
-999.1351	2360407
-999.5466	2359800
-999.6313	2358391
-1023.789	2353927
-1057.085	2357317
-1091.144	2356972
-1125.253	2354140
-1159.247	2354686
-1193.276	2355312
-1227.193	2355399
-1261.155	2356363
-1295.31	2355903
-1329.224	2356406
-1363.225	2357929
-1397.247	2351853
-1431.162	2353089
-1465.16	2349534
-1499.193	2352755
-1533.198	2347895
-1567.049	2351402
-1601.03	2351548
-1635.001	2348558
-1669.071	2350536
-1703.112	2349997
-1736.862	2347452
-1771.013	2348016
-1804.662	2350047
-1838.642	2345765
-1872.711	2349886
-1906.664	2349955
-1940.588	2350802
-1957.01	2355782
-1973.979	2354724
-1990.972	2341926
-1999.553	2341877
-1999.553	2348126
-1973.464	2348860
-1939.52	2348788
-1905.501	2345775
-1871.501	2348314
-1837.46	2347015
-1803.554	2350408
-1769.862	2348113
-1735.888	2344755
-1701.895	2351038
-1667.918	2349349
-1635.945	2346517
-1599.916	2348703
-1565.806	2351531
-1531.993	2355894
-1497.947	2352770
-1463.94	2356315
-1430.073	2349055
-1396.129	2349249
-1361.984	2351429
-1328.024	2356311
-1294.033	2349211
-1259.957	2348942
-1225.984	2351416
-1192.004	2344601
-1158.02	2347631
-1124.015	2349784
-1090.183	2355737
-1056.099	2359682
-1041.496	2361994
-1024.443	2359435
-1007.426	2350219
-1000.37	2358581
-1000.382	2351644
-996.9666	2362360
-993.5673	2360170
-990.0991	2358260
-986.8016	2352796
-983.4249	2351892
-980.0168	2348148
-976.5501	2348113
-973.1976	2350139
-969.736	2348991
-966.3661	2355420
-963.0306	2355474
-959.5848	2357956
-956.1388	2347549
-952.7379	2347632
-949.3299	2353453
-946.0309	2353193
-942.5833	2354328
-939.1182	2356708
-935.8072	2354939
-932.3819	2358121
-928.9464	2362312
-925.457	2355352
-922.1536	2345878
-918.681	2360183
-915.3613	2361866
-911.9517	2352804
-908.5801	2366424
-905.1627	2346343
-901.7643	2356894
-898.2803	2354967
-895.1679	2354394
-891.7531	2353224
-888.1842	2353587
-884.913	2352142
-881.5864	2350712
-878.1404	2353720
-874.6337	2353021
-871.3539	2362936
-867.9391	2364816
-864.5588	2371065
-861.1578	2365472
-857.7482	2355303
-854.4284	2356544
-850.9115	2357601
-847.5434	2358407
-844.1121	2355917
-840.7361	2353287
-837.4425	2353939
-833.9836	2348923
-830.6127	2353031
-827.0802	2353365
-823.79	2356775
-820.3353	2355969
-816.9395	2351718
-813.4329	2355171
-810.0441	2362735
-806.4667	2363903
-803.3355	2361090
-799.7841	2362036
-796.4936	2359511
-792.892	2357497
-789.5828	2355969
-786.1263	2363522
-782.8083	2359444
-779.5075	2361467
-776.0271	2362565
-772.6398	2354866
-769.1714	2361611
-765.7392	2363039
-762.3676	2359117
-758.9488	2368616
-755.55	2370578
-752.13	2361409
-748.8121	2367440
-745.3453	2362777
-741.9547	2364467
-738.5467	2364119
-735.1124	2365557
-731.7015	2363644
-728.3333	2367752
-724.9652	2365211
-721.6316	2358882
-718.0903	2359134
-714.7151	2363952
-711.4251	2361019
-707.9608	2364644
-704.5176	2362971
-701.1339	2366760
-697.7138	2366413
-694.2643	2360795
-690.8893	2366007
-687.5696	2356419
-684.1201	2357344
-680.6568	2372290
-677.2783	2363259
-674.0433	2367372
-670.6527	2371634
-667.3312	2353493
-663.8316	2370374
-660.4324	2365494
-657.0486	2364626
-653.6459	2365362
-650.2086	2364125
-646.8492	2368444
-643.3926	2365131
-639.983	2367490
-636.634	2361367
-633.1931	2366026
-629.8492	2362296
-626.4827	2365499
-622.9434	2368611
-619.5631	2365104
-616.2486	2367382
-612.7766	2366408
-609.4466	2363324
-606.0005	2369316
-602.6359	2361125
-599.183	2369662
-595.782	2366136
-592.3655	2358281
-588.9765	2370532
-585.6136	2367299
-582.2609	2360362
-578.8358	2371913
-575.4122	2365491
-572.0415	2365337
-568.5427	2370580
-565.178	2361356
-561.8826	2366927
-558.4071	2363655
-555.0702	2370211
-551.529	2369552
-548.2647	2368789
-544.8152	2364719
-541.3657	2365636
-538.0331	2361851
-534.5378	2372600
-531.2389	2370686
-527.8448	2372509
-524.4455	2370906
-521.0877	2365745
-517.5726	2371987
-514.1819	2365714
-510.7719	2366411
-507.4612	2372458
-504.0134	2366677
-500.5501	2369442
-496.9901	2371666
-493.6616	2371271
-490.3886	2366191
-486.7542	2370026
-483.5745	2372530
-480.2773	2372997
-476.8296	2369305
-473.3784	2373191
-470.1395	2370644
-466.6162	2369624
-463.1753	2372698
-459.8938	2372356
-456.3993	2369728
-452.8461	2372054
-449.5782	2378013
-446.0684	2367048
-442.6779	2378018
-439.1936	2370524
-435.9569	2375954
-432.6528	2373780
-429.0114	2370568
-425.793	2370220
-422.3354	2370926
-418.772	2363665
-415.6027	2374510
-412.0011	2367030
-408.7851	2370272
-405.3339	2371417
-401.9987	2376472
-398.5631	2370033
-394.9234	2375906
-391.64	2372585
-388.4153	2374031
-384.978	2369390
-381.4231	2373814
-378.2071	2376734
-374.5744	2371485
-371.4172	2373301
-367.9158	2379401
-364.5667	2372823
-361.2246	2376935
-357.6351	2370944
-354.3325	2375955
-350.9748	2376751
-347.2884	2371546
-344.1849	2379031
-340.6369	2371253
-337.3898	2374532
-334.0146	2375227
-330.3269	2376762
-327.1159	2373942
-323.7528	2374184
-320.3656	2377636
-317.0823	2377576
-313.6346	2382202
-310.1383	2375213
-306.8153	2374864
-303.1115	2381992
-300.0323	2379024
-296.6036	2379958
-293.0885	2378005
-289.5837	2382251
-286.4023	2379396
-283.0081	2376989
-279.3564	2384582
-276.0125	2381020
-272.6704	2377683
-269.2191	2381524
-265.991	2372767
-262.4058	2377498
-259.1942	2376795
-255.8312	2382363
-252.2192	2379747
-249.0344	2382320
-245.5451	2378756
-242.0145	2382214
-238.6342	2378435
-235.3836	2386401
-231.9478	2379168
-228.6697	2383210
-225.1564	2383549
-221.6723	2384478
-218.3059	2380723
-214.9309	2378460
-211.5645	2386280
-208.0977	2380559
-204.9042	2381560
-201.2679	2381072
-198.1246	2383438
-194.7582	2383685
-191.122	2391569
-187.9458	2378361
-184.2785	2390728
-181.0608	2387738
-177.4747	2386690
-174.1706	2374055
-170.965	2393351
-167.3599	2371594
-164.1162	2388756
-160.6876	2390096
-157.0409	2384710
-153.7334	2377208
-150.3082	2383928
-146.8638	2382216
-143.4888	2388404
-140.2884	2383924
-136.7231	2376279
-133.2996	2373141
-129.8397	2383513
-126.7046	2387031
-123.0775	2388486
-119.8409	2385127
-116.5695	2392563
-112.9316	2388684
-109.5254	2389094
-106.0275	2389038
-102.7847	2383839
-99.35004	2396472
-96.13923	2381486
-92.5134	2391940
-89.3441	2392462
-85.68718	2383994
-82.31212	2388642
-78.88172	2391575
-75.56993	2391740
-72.19391	2394128
-68.81528	2387571
-65.43154	2391262
-62.015	2401703
-58.62612	2390271
-55.27524	2396692
-51.79811	2390182
-48.30882	2394554
-44.96321	2398848
-41.52417	2398555
-38.20791	2394161
-34.78228	2400347
-31.36612	2393986
-27.93736	2398342
-24.57193	2406064
-21.14933	2397114
-17.73093	2403706
-14.19494	2402215
-10.82855	2398476
-7.432789	2407276
-4.036911	2413414
-0.7054605	2409056
2.777172	2418996
6.117569	2420610
9.620786	2428183
13.00442	2427822
16.2964	2435452
19.66807	2439017
23.21607	2442200
26.64482	2442199
30.01466	2448070
33.45733	2464084
36.8063	2469659
40.16233	2490977
43.64296	2486765
47.04577	2515447
50.34529	2529163
53.74977	2544660
57.10334	2556211
60.59271	2577854
64.00578	2594097
67.4189	2616821
71.06897	2626310
74.46652	2635130
77.77581	2647266
81.19673	2656105
84.47588	2654262
87.93166	2666256
91.50792	2650923
94.79988	2669127
98.21471	2672968
101.4601	2671933
104.8485	2673503
108.1117	2674592
111.7081	2673910
115.1974	2677981
118.2888	2685636
121.9457	2681548
125.2172	2682317
128.5438	2689721
131.8998	2690818
135.5584	2688779
138.9612	2696075
142.3051	2676756
145.784	2683939
149.1763	2675842
152.5514	2686125
155.8902	2683561
159.3016	2667339
162.6818	2683872
166.4891	2679162
169.8573	2682370
173.3154	2685427
176.8099	2685072
180.1446	2679041
183.3213	2683139
187.0181	2683483
190.2996	2685783
193.7906	2680548
197.1086	2678152
200.6017	2671815
203.9764	2675946
207.386	2673430
210.7594	2670908
214.0427	2659557
217.4663	2674253
221.0144	2663711
224.3531	2663206
227.5363	2655461
231.1499	2665364
234.5561	2652626
237.9259	2654307
241.3841	2648572
244.4634	2634266
248.1204	2632480
251.2012	2632652
254.9344	2624402
258.4012	2617936
261.7642	2612929
265.0959	2543887
268.6425	2553311
271.9742	2557001
275.2852	2546109
278.7018	2547132
282.1634	2534949
285.4986	2536928
288.9048	2459633
292.2955	2407371
295.7865	2401889
299.2118	2404653
302.4154	2402723
305.9462	2400720
309.3975	2389762
312.7404	2396602
316.2496	2391709
319.5416	2394883
322.8787	2387652
326.1758	2394057
329.5405	2389412
332.9978	2390324
336.4985	2387883
339.7816	2387813
343.2069	2387013
346.7187	2390725
350.028	2387478
353.3822	2385786
356.9096	2384043
360.2414	2387054
363.6026	2385625
367.0815	2385820
370.4565	2388127
373.8878	2382586
377.1754	2378208
380.6717	2378696
384.007	2378499
387.4478	2378622
390.8038	2377268
394.3138	2376849
397.6993	2381471
401.0171	2380615
404.4701	2385809
407.8989	2374609
411.2116	2375067
414.6092	2376970
418.0794	2370604
421.3557	2377797
424.8831	2375814
428.3447	2370483
431.6159	2370097
435.0084	2375844
438.4578	2373968
441.9107	2377350
445.1161	2371402
448.6314	2372493
451.9441	2370708
455.397	2375066
458.8794	2367964
462.2874	2380456
465.6676	2369156
468.9335	2374669
472.4713	2375624
475.9485	2373500
479.2717	2371301
482.7142	2370719
486.1135	2370630
489.4365	2371332
492.8566	2366873
496.1815	2370691
499.712	2365528
503.1376	2375479
506.4261	2373195
509.9465	2364528
513.3215	2371365
516.7035	2369144
520.0301	2372370
523.5402	2367762
526.8806	2367605
530.3265	2367393
533.654	2365230
537.158	2366737
540.4172	2366138
543.8615	2370796
547.1224	2364341
550.6497	2367869
554.0265	2368288
557.4327	2367158
560.8284	2369566
564.2278	2367182
567.6063	2369838
571.0351	2368877
574.5052	2367961
577.8976	2363596
581.2328	2363641
584.7187	2368452
587.9864	2365585
591.5102	2369744
594.8265	2370400
598.1791	2371230
601.5213	2360854
605.0226	2367958
608.3458	2373361
611.7658	2372520
615.2136	2369762
618.6319	2363554
622.1298	2361540
625.4997	2365929
628.869	2366477
632.1564	2365775
635.6639	2363904
639.1089	2367751
642.4719	2368375
645.8521	2357016
649.1268	2365184
652.7112	2366384
655.9929	2361572
659.3489	2361042
662.7914	2370846
666.2236	2372301
669.5801	2369251
673.041	2365432
676.4024	2363408
679.8415	2366480
683.3626	2369123
686.8693	2365127
690.2191	2365104
693.3693	2369549
696.7917	2361763
700.225	2358046
703.5341	2366911
707.0738	2370669
710.5612	2371252
713.957	2371305
717.1401	2362913
720.8196	2369465
724.1014	2367402
727.542	2364937
730.8636	2361259
734.2456	2364190
737.5289	2367145
741.0269	2369082
744.5972	2363729
748.0087	2371384
751.2073	2362198
754.6135	2366569
758.1826	2361573
761.374	2367850
764.8511	2359114
768.1225	2357990
771.66	2360699
775.113	2360856
778.4794	2363030
782.0068	2365095
785.3177	2367626
788.7725	2359148
792.1319	2365067
795.4723	2359462
799.0118	2358495
802.3851	2373230
806.4104	2372425
810.0535	2367469
813.2952	2348503
816.7404	2353481
819.8708	2361759
823.5018	2370632
826.7472	2358623
830.1845	2359111
833.7186	2366039
837.2148	2363965
840.6349	2358904
843.7938	2359258
847.4161	2355665
850.5542	2360909
853.9449	2359735
857.5864	2360457
861.0219	2358646
864.2103	2352894
867.7876	2357357
871.2162	2355305
874.5447	2358332
877.752	2356837
881.0993	2364245
884.5593	2358281
888.0418	2360802
891.3994	2360161
894.7634	2358986
898.248	2357143
901.1593	2362688
902.067	2350815
903.7495	2354649
905.5044	2359448
907.2473	2352790
908.9539	2356625
910.6846	2353639
912.4396	2356412
914.013	2355783
915.78	2357968
917.3051	2361209
919.169	2357950
920.9482	2356543
922.6426	2356039
924.2886	2356584
925.971	2356545
927.6776	2354157
929.4083	2356881
931.0785	2357243
932.8214	2351320
934.5401	2356032
936.2709	2360134
938.0379	2356884
939.6476	2354441
941.3663	2355407
943.0607	2354382
944.8036	2352605
946.4739	2348569
948.0958	2359800
949.8628	2355809
951.5815	2356422
953.2759	2361219
955.0551	2358539
956.7616	2351803
958.3834	2348846
960.1021	2355317
961.8571	2357148
963.5152	2356861
965.2823	2344998
966.8558	2358980
968.5865	2360663
970.3415	2352743
972.0481	2353373
973.8151	2355128
975.5459	2355227
977.0951	2357163
978.85	2357386
980.5082	2351772
982.2874	2357216
984.0182	2351998
985.4584	2346709
987.3344	2351006
988.9442	2353372
990.6265	2349024
992.3452	2349263
994.1122	2358122
995.7947	2354249
997.5012	2362536
999.1835	2345906
999.825	2357019
999.7645	2347942
1025.293	2356000
1059.332	2356432
1093.246	2342572
1127.247	2344194
1159.246	2354121
1193.232	2363731
1227.019	2347184
1263.22	2347077
1297.114	2342440
1331.173	2345361
1365.211	2357913
1399.041	2341427
1433.16	2354594
1467.094	2348967
1501.018	2348515
1535.059	2345485
1569.015	2345179
1602.975	2349252
1637.079	2343310
1671.006	2349930
1704.945	2345510
1738.929	2345298
1772.583	2340715
1806.626	2349415
1840.678	2344371
1874.491	2346953
1908.643	2347217
1942.606	2349311
1958.148	2350386
1975.117	2361367
1992.025	2359734
1999.674	2344813
1999.662	2351464