Field (T)	Resistance (Ohms)
3.75E-01	2.0578230E+06
3.75E-01	2.0592620E+06
2.43E+00	2.0565310E+06
4.27E+00	2.0525410E+06
6.43E+00	2.0472940E+06
8.41E+00	2.0440010E+06
1.03E+01	2.0397090E+06
1.23E+01	2.0331580E+06
1.42E+01	2.0354210E+06
1.64E+01	2.0245040E+06
1.83E+01	2.0230490E+06
2.03E+01	2.0238810E+06
2.22E+01	2.0200030E+06
2.42E+01	2.0242180E+06
2.64E+01	2.0154370E+06
2.83E+01	2.0164720E+06
3.02E+01	2.0120950E+06
3.22E+01	2.0125360E+06
3.42E+01	2.0131540E+06
3.62E+01	2.0033240E+06
3.80E+01	2.0071550E+06
4.00E+01	2.0000620E+06
4.22E+01	1.9996630E+06
4.41E+01	2.0028940E+06
4.61E+01	1.9962380E+06
4.82E+01	2.0030510E+06
5.02E+01	2.0026580E+06
5.21E+01	2.0020450E+06
5.40E+01	1.9999050E+06
5.59E+01	1.9924100E+06
5.80E+01	1.9978170E+06
5.99E+01	1.9996410E+06
6.20E+01	1.9965580E+06
6.41E+01	1.9996600E+06
6.60E+01	1.9938460E+06
6.80E+01	1.9959730E+06
6.99E+01	1.9925660E+06
7.19E+01	1.9883370E+06
7.39E+01	1.9966240E+06
7.59E+01	1.9929030E+06
7.78E+01	1.9968720E+06
7.98E+01	1.9936430E+06
8.20E+01	1.9914060E+06
8.38E+01	1.9942060E+06
8.58E+01	1.9884210E+06
8.78E+01	1.9914230E+06
8.98E+01	1.9865400E+06
9.17E+01	1.9842190E+06
9.37E+01	1.9884160E+06
9.58E+01	1.9857210E+06
9.78E+01	1.9832110E+06
9.99E+01	1.9874370E+06
1.02E+02	1.9862690E+06
1.04E+02	1.9836880E+06
1.06E+02	1.9832630E+06
1.08E+02	1.9816230E+06
1.10E+02	1.9812700E+06
1.12E+02	1.9895560E+06
1.14E+02	1.9847600E+06
1.16E+02	1.9832240E+06
1.17E+02	1.9805300E+06
1.20E+02	1.9792640E+06
1.22E+02	1.9790220E+06
1.24E+02	1.9776920E+06
1.25E+02	1.9831700E+06
1.27E+02	1.9804140E+06
1.30E+02	1.9776820E+06
1.31E+02	1.9852410E+06
1.33E+02	1.9808540E+06
1.36E+02	1.9786910E+06
1.37E+02	1.9820980E+06
1.39E+02	1.9793580E+06
1.41E+02	1.9750610E+06
1.43E+02	1.9784070E+06
1.45E+02	1.9783930E+06
1.47E+02	1.9779870E+06
1.49E+02	1.9780320E+06
1.51E+02	1.9772890E+06
1.53E+02	1.9785100E+06
1.55E+02	1.9754830E+06
1.57E+02	1.9703990E+06
1.59E+02	1.9738910E+06
1.61E+02	1.9789860E+06
1.63E+02	1.9758460E+06
1.65E+02	1.9719640E+06
1.67E+02	1.9747330E+06
1.69E+02	1.9708120E+06
1.71E+02	1.9694360E+06
1.73E+02	1.9701450E+06
1.75E+02	1.9681440E+06
1.77E+02	1.9774780E+06
1.79E+02	1.9713570E+06
1.81E+02	1.9714130E+06
1.83E+02	1.9722310E+06
1.85E+02	1.9718140E+06
1.87E+02	1.9753410E+06
1.89E+02	1.9727480E+06
1.91E+02	1.9700840E+06
1.93E+02	1.9690990E+06
1.95E+02	1.9688800E+06
1.97E+02	1.9664120E+06
1.99E+02	1.9717870E+06
2.01E+02	1.9666750E+06
2.03E+02	1.9650610E+06
2.05E+02	1.9712140E+06
2.07E+02	1.9648580E+06
2.09E+02	1.9669900E+06
2.11E+02	1.9663810E+06
2.13E+02	1.9629620E+06
2.15E+02	1.9646790E+06
2.17E+02	1.9651820E+06
2.19E+02	1.9604620E+06
2.21E+02	1.9601820E+06
2.23E+02	1.9645280E+06
2.25E+02	1.9651880E+06
2.27E+02	1.9617120E+06
2.29E+02	1.9648150E+06
2.31E+02	1.9614420E+06
2.33E+02	1.9636890E+06
2.35E+02	1.9622350E+06
2.36E+02	1.9631780E+06
2.39E+02	1.9649110E+06
2.41E+02	1.9656040E+06
2.43E+02	1.9644620E+06
2.45E+02	1.9667080E+06
2.46E+02	1.9672130E+06
2.49E+02	1.9618850E+06
2.51E+02	1.9594760E+06
2.53E+02	1.9668490E+06
2.55E+02	1.9601950E+06
2.57E+02	1.9596420E+06
2.59E+02	1.9644800E+06
2.61E+02	1.9640950E+06
2.63E+02	1.9600990E+06
2.65E+02	1.9613930E+06
2.67E+02	1.9615810E+06
2.68E+02	1.9594450E+06
2.70E+02	1.9549870E+06
2.72E+02	1.9550670E+06
2.74E+02	1.9604360E+06
2.76E+02	1.9528060E+06
2.79E+02	1.9546510E+06
2.80E+02	1.9575760E+06
2.82E+02	1.9525650E+06
2.84E+02	1.9628090E+06
2.86E+02	1.9540690E+06
2.88E+02	1.9518270E+06
2.90E+02	1.9610810E+06
2.92E+02	1.9549970E+06
2.94E+02	1.9548500E+06
2.96E+02	1.9575630E+06
2.98E+02	1.9515790E+06
3.00E+02	1.9615580E+06
3.02E+02	1.9527860E+06
3.04E+02	1.9546610E+06
3.06E+02	1.9531110E+06
3.08E+02	1.9538320E+06
3.10E+02	1.9571490E+06
3.12E+02	1.9557660E+06
3.14E+02	1.9578490E+06
3.16E+02	1.9586070E+06
3.18E+02	1.9540730E+06
3.20E+02	1.9533010E+06
3.22E+02	1.9515690E+06
3.24E+02	1.9522780E+06
3.26E+02	1.9532050E+06
3.28E+02	1.9561120E+06
3.30E+02	1.9556350E+06
3.32E+02	1.9547970E+06
3.34E+02	1.9511570E+06
3.36E+02	1.9532180E+06
3.38E+02	1.9540330E+06
3.40E+02	1.9502920E+06
3.42E+02	1.9553340E+06
3.44E+02	1.9453150E+06
3.46E+02	1.9542140E+06
3.48E+02	1.9564510E+06
3.50E+02	1.9554930E+06
3.52E+02	1.9440400E+06
3.54E+02	1.9606180E+06
3.56E+02	1.9468830E+06
3.58E+02	1.9503120E+06
3.60E+02	1.9534700E+06
3.62E+02	1.9546560E+06
3.64E+02	1.9457240E+06
3.66E+02	1.9505250E+06
3.68E+02	1.9506760E+06
3.70E+02	1.9472230E+06
3.72E+02	1.9484210E+06
3.74E+02	1.9503330E+06
3.76E+02	1.9514730E+06
3.78E+02	1.9496970E+06
3.80E+02	1.9487940E+06
3.82E+02	1.9458730E+06
3.84E+02	1.9487360E+06
3.86E+02	1.9481260E+06
3.88E+02	1.9438460E+06
3.90E+02	1.9414100E+06
3.92E+02	1.9495960E+06
3.94E+02	1.9452030E+06
3.96E+02	1.9503870E+06
3.98E+02	1.9426580E+06
3.99E+02	1.9520240E+06
4.02E+02	1.9471770E+06
4.04E+02	1.9497310E+06
4.06E+02	1.9474670E+06
4.07E+02	1.9492860E+06
4.09E+02	1.9448790E+06
4.12E+02	1.9460980E+06
4.13E+02	1.9458480E+06
4.16E+02	1.9514500E+06
4.18E+02	1.9458470E+06
4.19E+02	1.9436300E+06
4.21E+02	1.9445540E+06
4.23E+02	1.9430610E+06
4.25E+02	1.9436310E+06
4.27E+02	1.9424510E+06
4.29E+02	1.9450400E+06
4.31E+02	1.9452210E+06
4.34E+02	1.9440720E+06
4.35E+02	1.9465270E+06
4.37E+02	1.9437900E+06
4.39E+02	1.9434130E+06
4.41E+02	1.9418220E+06
4.43E+02	1.9425250E+06
4.45E+02	1.9457470E+06
4.47E+02	1.9475310E+06
4.49E+02	1.9390010E+06
4.51E+02	1.9444440E+06
4.53E+02	1.9348060E+06
4.55E+02	1.9379420E+06
4.57E+02	1.9457780E+06
4.59E+02	1.9368710E+06
4.61E+02	1.9369120E+06
4.63E+02	1.9362650E+06
4.65E+02	1.9364160E+06
4.67E+02	1.9392760E+06
4.69E+02	1.9476470E+06
4.71E+02	1.9386670E+06
4.73E+02	1.9420010E+06
4.75E+02	1.9438670E+06
4.77E+02	1.9395390E+06
4.79E+02	1.9406950E+06
4.81E+02	1.9425950E+06
4.83E+02	1.9392130E+06
4.85E+02	1.9370780E+06
4.87E+02	1.9411300E+06
4.89E+02	1.9411630E+06
4.91E+02	1.9394160E+06
4.93E+02	1.9403570E+06
4.95E+02	1.9393520E+06
4.97E+02	1.9346960E+06
4.99E+02	1.9385410E+06
5.01E+02	1.9406660E+06
5.03E+02	1.9385140E+06
5.05E+02	1.9353650E+06
5.07E+02	1.9389680E+06
5.09E+02	1.9330700E+06
5.11E+02	1.9325320E+06
5.13E+02	1.9428860E+06
5.15E+02	1.9349630E+06
5.17E+02	1.9440550E+06
5.19E+02	1.9320650E+06
5.21E+02	1.9390980E+06
5.23E+02	1.9314540E+06
5.25E+02	1.9398650E+06
5.27E+02	1.9372970E+06
5.29E+02	1.9370010E+06
5.31E+02	1.9376900E+06
5.33E+02	1.9361940E+06
5.35E+02	1.9370980E+06
5.37E+02	1.9417300E+06
5.39E+02	1.9362670E+06
5.41E+02	1.9318480E+06
5.43E+02	1.9355730E+06
5.45E+02	1.9348890E+06
5.47E+02	1.9333960E+06
5.49E+02	1.9348380E+06
5.51E+02	1.9368350E+06
5.53E+02	1.9381500E+06
5.55E+02	1.9350910E+06
5.57E+02	1.9395500E+06
5.59E+02	1.9321420E+06
5.60E+02	1.9345910E+06
5.63E+02	1.9334020E+06
5.65E+02	1.9303590E+06
5.67E+02	1.9364080E+06
5.68E+02	1.9387210E+06
5.71E+02	1.9320060E+06
5.73E+02	1.9343830E+06
5.74E+02	1.9333910E+06
5.77E+02	1.9364910E+06
5.78E+02	1.9362230E+06
5.80E+02	1.9292720E+06
5.83E+02	1.9356490E+06
5.85E+02	1.9306110E+06
5.87E+02	1.9321140E+06
5.88E+02	1.9319090E+06
5.90E+02	1.9347060E+06
5.92E+02	1.9335990E+06
5.94E+02	1.9339240E+06
5.96E+02	1.9307620E+06
5.98E+02	1.9368100E+06
6.00E+02	1.9306700E+06
6.02E+02	1.9351030E+06
6.04E+02	1.9379770E+06
6.06E+02	1.9365300E+06
6.08E+02	1.9329030E+06
6.10E+02	1.9323010E+06
6.12E+02	1.9342630E+06
6.14E+02	1.9307600E+06
6.16E+02	1.9373810E+06
6.18E+02	1.9314200E+06
6.20E+02	1.9296730E+06
6.22E+02	1.9323520E+06
6.24E+02	1.9346120E+06
6.26E+02	1.9324100E+06
6.28E+02	1.9320870E+06
6.30E+02	1.9310810E+06
6.32E+02	1.9386270E+06
6.34E+02	1.9300780E+06
6.36E+02	1.9362250E+06
6.38E+02	1.9342450E+06
6.40E+02	1.9337670E+06
6.42E+02	1.9333090E+06
6.44E+02	1.9336650E+06
6.46E+02	1.9327090E+06
6.48E+02	1.9327310E+06
6.50E+02	1.9310360E+06
6.52E+02	1.9281950E+06
6.54E+02	1.9334130E+06
6.56E+02	1.9357880E+06
6.58E+02	1.9277240E+06
6.60E+02	1.9316890E+06
6.62E+02	1.9250110E+06
6.64E+02	1.9289660E+06
6.66E+02	1.9360140E+06
6.68E+02	1.9267540E+06
6.70E+02	1.9292100E+06
6.72E+02	1.9325780E+06
6.74E+02	1.9340280E+06
6.76E+02	1.9269470E+06
6.78E+02	1.9292490E+06
6.80E+02	1.9314010E+06
6.82E+02	1.9251210E+06
6.84E+02	1.9292990E+06
6.86E+02	1.9267420E+06
6.88E+02	1.9296520E+06
6.90E+02	1.9331480E+06
6.92E+02	1.9255960E+06
6.94E+02	1.9291960E+06
6.96E+02	1.9352950E+06
6.98E+02	1.9380140E+06
7.00E+02	1.9245660E+06
7.02E+02	1.9310760E+06
7.04E+02	1.9240190E+06
7.05E+02	1.9319890E+06
7.07E+02	1.9356480E+06
7.10E+02	1.9251040E+06
7.12E+02	1.9281810E+06
7.14E+02	1.9286620E+06
7.16E+02	1.9276200E+06
7.17E+02	1.9288700E+06
7.19E+02	1.9261050E+06
7.21E+02	1.9285220E+06
7.23E+02	1.9279430E+06
7.25E+02	1.9307360E+06
7.28E+02	1.9289100E+06
7.29E+02	1.9258990E+06
7.31E+02	1.9248120E+06
7.34E+02	1.9326430E+06
7.35E+02	1.9235300E+06
7.37E+02	1.9261650E+06
7.39E+02	1.9240230E+06
7.41E+02	1.9316670E+06
7.43E+02	1.9284110E+06
7.45E+02	1.9264160E+06
7.47E+02	1.9199300E+06
7.49E+02	1.9223140E+06
7.51E+02	1.9237060E+06
7.53E+02	1.9293680E+06
7.55E+02	1.9187440E+06
7.57E+02	1.9342320E+06
7.59E+02	1.9226680E+06
7.61E+02	1.9295720E+06
7.63E+02	1.9307450E+06
7.65E+02	1.9276000E+06
7.67E+02	1.9361830E+06
7.69E+02	1.9279620E+06
7.71E+02	1.9263290E+06
7.73E+02	1.9288080E+06
7.75E+02	1.9281220E+06
7.77E+02	1.9267800E+06
7.79E+02	1.9243130E+06
7.81E+02	1.9263100E+06
7.83E+02	1.9317330E+06
7.85E+02	1.9273480E+06
7.87E+02	1.9207150E+06
7.89E+02	1.9222260E+06
7.91E+02	1.9275030E+06
7.93E+02	1.9234820E+06
7.95E+02	1.9251200E+06
7.97E+02	1.9253290E+06
7.99E+02	1.9247330E+06
8.01E+02	1.9251130E+06
8.03E+02	1.9254580E+06
8.05E+02	1.9226080E+06
8.07E+02	1.9278630E+06
8.09E+02	1.9182650E+06
8.11E+02	1.9238230E+06
8.13E+02	1.9263950E+06
8.15E+02	1.9281880E+06
8.17E+02	1.9245680E+06
8.19E+02	1.9255260E+06
8.21E+02	1.9341690E+06
8.23E+02	1.9292510E+06
8.25E+02	1.9263900E+06
8.27E+02	1.9313820E+06
8.29E+02	1.9300950E+06
8.31E+02	1.9224610E+06
8.33E+02	1.9368840E+06
8.35E+02	1.9253580E+06
8.37E+02	1.9245010E+06
8.39E+02	1.9263990E+06
8.41E+02	1.9266710E+06
8.43E+02	1.9264690E+06
8.45E+02	1.9272980E+06
8.47E+02	1.9305730E+06
8.49E+02	1.9272980E+06
8.51E+02	1.9263420E+06
8.53E+02	1.9240090E+06
8.55E+02	1.9249730E+06
8.57E+02	1.9272380E+06
8.59E+02	1.9255500E+06
8.61E+02	1.9275090E+06
8.63E+02	1.9271380E+06
8.65E+02	1.9248610E+06
8.67E+02	1.9240510E+06
8.68E+02	1.9301050E+06
8.71E+02	1.9270800E+06
8.73E+02	1.9252570E+06
8.75E+02	1.9251920E+06
8.76E+02	1.9284160E+06
8.78E+02	1.9280000E+06
8.80E+02	1.9205860E+06
8.82E+02	1.9193500E+06
8.84E+02	1.9302300E+06
8.86E+02	1.9262300E+06
8.88E+02	1.9257480E+06
8.90E+02	1.9286550E+06
8.92E+02	1.9274260E+06
8.94E+02	1.9321190E+06
8.96E+02	1.9240190E+06
8.98E+02	1.9281540E+06
9.00E+02	1.9253430E+06
9.02E+02	1.9184010E+06
9.04E+02	1.9245000E+06
9.06E+02	1.9251300E+06
9.08E+02	1.9267200E+06
9.10E+02	1.9286580E+06
9.12E+02	1.9252930E+06
9.14E+02	1.9206620E+06
9.16E+02	1.9293130E+06
9.18E+02	1.9258490E+06
9.20E+02	1.9204100E+06
9.22E+02	1.9295960E+06
9.24E+02	1.9281260E+06
9.26E+02	1.9264390E+06
9.28E+02	1.9248820E+06
9.30E+02	1.9252160E+06
9.32E+02	1.9237130E+06
9.34E+02	1.9216020E+06
9.36E+02	1.9271970E+06
9.38E+02	1.9257950E+06
9.40E+02	1.9248940E+06
9.42E+02	1.9255270E+06
9.44E+02	1.9249080E+06
9.46E+02	1.9200640E+06
9.48E+02	1.9210640E+06
9.50E+02	1.9199660E+06
9.52E+02	1.9248340E+06
9.54E+02	1.9227340E+06
9.56E+02	1.9244990E+06
9.58E+02	1.9266470E+06
9.60E+02	1.9254110E+06
9.62E+02	1.9213350E+06
9.64E+02	1.9263820E+06
9.66E+02	1.9263530E+06
9.68E+02	1.9284540E+06
9.70E+02	1.9251220E+06
9.72E+02	1.9273590E+06
9.74E+02	1.9220830E+06
9.76E+02	1.9249090E+06
9.78E+02	1.9217890E+06
9.80E+02	1.9221590E+06
9.82E+02	1.9223670E+06
9.84E+02	1.9255820E+06
9.85E+02	1.9263290E+06
9.88E+02	1.9299340E+06
9.90E+02	1.9267520E+06
9.92E+02	1.9244060E+06
9.93E+02	1.9212850E+06
9.96E+02	1.9254380E+06
9.97E+02	1.9284490E+06
9.99E+02	1.9261490E+06
1.00E+03	1.9287830E+06
1.00E+03	1.9173450E+06
1.01E+03	1.9300600E+06
1.01E+03	1.9233050E+06
1.01E+03	1.9233590E+06
1.01E+03	1.9276120E+06
1.01E+03	1.9254650E+06
1.02E+03	1.9232930E+06
1.02E+03	1.9248820E+06
1.02E+03	1.9286850E+06
1.02E+03	1.9237600E+06
1.02E+03	1.9292250E+06
1.03E+03	1.9243150E+06
1.03E+03	1.9238510E+06
1.03E+03	1.9177000E+06
1.03E+03	1.9186750E+06
1.03E+03	1.9240560E+06
1.04E+03	1.9241760E+06
1.04E+03	1.9211610E+06
1.04E+03	1.9271440E+06
1.04E+03	1.9256490E+06
1.04E+03	1.9203310E+06
1.05E+03	1.9232260E+06
1.05E+03	1.9268480E+06
1.05E+03	1.9169240E+06
1.05E+03	1.9255740E+06
1.05E+03	1.9234730E+06
1.06E+03	1.9218350E+06
1.06E+03	1.9196930E+06
1.06E+03	1.9233020E+06
1.06E+03	1.9234430E+06
1.06E+03	1.9228990E+06
1.07E+03	1.9181300E+06
1.07E+03	1.9227240E+06
1.07E+03	1.9179400E+06
1.07E+03	1.9246660E+06
1.07E+03	1.9178200E+06
1.07E+03	1.9188040E+06
1.08E+03	1.9207710E+06
1.08E+03	1.9232430E+06
1.08E+03	1.9187960E+06
1.08E+03	1.9311770E+06
1.08E+03	1.9195120E+06
1.09E+03	1.9216500E+06
1.09E+03	1.9183900E+06
1.09E+03	1.9245100E+06
1.09E+03	1.9249900E+06
1.09E+03	1.9240880E+06
1.10E+03	1.9238960E+06
1.10E+03	1.9223260E+06
1.10E+03	1.9198520E+06
1.10E+03	1.9192910E+06
1.10E+03	1.9209770E+06
1.11E+03	1.9227990E+06
1.11E+03	1.9220640E+06
1.11E+03	1.9237940E+06
1.11E+03	1.9220520E+06
1.11E+03	1.9216710E+06
1.12E+03	1.9226670E+06
1.12E+03	1.9200980E+06
1.12E+03	1.9220200E+06
1.12E+03	1.9263170E+06
1.12E+03	1.9205070E+06
1.13E+03	1.9207450E+06
1.13E+03	1.9210690E+06
1.13E+03	1.9228750E+06
1.13E+03	1.9244460E+06
1.13E+03	1.9206480E+06
1.14E+03	1.9257790E+06
1.14E+03	1.9265960E+06
1.14E+03	1.9220560E+06
1.14E+03	1.9227970E+06
1.14E+03	1.9212520E+06
1.15E+03	1.9207850E+06
1.15E+03	1.9220820E+06
1.15E+03	1.9251760E+06
1.15E+03	1.9241990E+06
1.15E+03	1.9200530E+06
1.16E+03	1.9185620E+06
1.16E+03	1.9251660E+06
1.16E+03	1.9208820E+06
1.16E+03	1.9274470E+06
1.16E+03	1.9179700E+06
1.17E+03	1.9218410E+06
1.17E+03	1.9199020E+06
1.17E+03	1.9209970E+06
1.17E+03	1.9243640E+06
1.17E+03	1.9172460E+06
1.18E+03	1.9223640E+06
1.18E+03	1.9215910E+06
1.18E+03	1.9198460E+06
1.18E+03	1.9261360E+06
1.18E+03	1.9246400E+06
1.19E+03	1.9184620E+06
1.19E+03	1.9235270E+06
1.19E+03	1.9196060E+06
1.19E+03	1.9245460E+06
1.19E+03	1.9160130E+06
1.20E+03	1.9207300E+06
1.20E+03	1.9253540E+06
1.20E+03	1.9136310E+06
1.20E+03	1.9257710E+06
1.20E+03	1.9229890E+06
1.21E+03	1.9196130E+06
1.21E+03	1.9219480E+06
1.21E+03	1.9195880E+06
1.21E+03	1.9206840E+06
1.21E+03	1.9217590E+06
1.22E+03	1.9152400E+06
1.22E+03	1.9209540E+06
1.22E+03	1.9205860E+06
1.22E+03	1.9191910E+06
1.22E+03	1.9208930E+06
1.23E+03	1.9235280E+06
1.23E+03	1.9199970E+06
1.23E+03	1.9237500E+06
1.23E+03	1.9228320E+06
1.23E+03	1.9202710E+06
1.24E+03	1.9258800E+06
1.24E+03	1.9238370E+06
1.24E+03	1.9115810E+06
1.24E+03	1.9231920E+06
1.24E+03	1.9174970E+06
1.25E+03	1.9174970E+06
1.25E+03	1.9299740E+06
1.25E+03	1.9283110E+06
1.25E+03	1.9167660E+06
1.25E+03	1.9215240E+06
1.26E+03	1.9161680E+06
1.26E+03	1.9211050E+06
1.26E+03	1.9212780E+06
1.26E+03	1.9185770E+06
1.26E+03	1.9201500E+06
1.27E+03	1.9139890E+06
1.27E+03	1.9146820E+06
1.27E+03	1.9140360E+06
1.27E+03	1.9177980E+06
1.27E+03	1.9189230E+06
1.28E+03	1.9157920E+06
1.28E+03	1.9166490E+06
1.28E+03	1.9266130E+06
1.28E+03	1.9213540E+06
1.28E+03	1.9173610E+06
1.29E+03	1.9143390E+06
1.29E+03	1.9156710E+06
1.29E+03	1.9184100E+06
1.29E+03	1.9222790E+06
1.29E+03	1.9164360E+06
1.30E+03	1.9133470E+06
1.30E+03	1.9086170E+06
1.30E+03	1.9249410E+06
1.30E+03	1.9089400E+06
1.30E+03	1.9085280E+06
1.31E+03	1.9136010E+06
1.31E+03	1.9073140E+06
1.31E+03	1.9229120E+06
1.31E+03	1.9213380E+06
1.31E+03	1.9163910E+06
1.32E+03	1.9140280E+06
1.32E+03	1.9211170E+06
1.32E+03	1.9213660E+06
1.32E+03	1.9202150E+06
1.32E+03	1.9171050E+06
1.33E+03	1.9195510E+06
1.33E+03	1.9152420E+06
1.33E+03	1.9154160E+06
1.33E+03	1.9198710E+06
1.33E+03	1.9199880E+06
1.34E+03	1.9087690E+06
1.34E+03	1.9117310E+06
1.34E+03	1.9173760E+06
1.34E+03	1.9187890E+06
1.34E+03	1.9235640E+06
1.35E+03	1.9280030E+06
1.35E+03	1.9176780E+06
1.35E+03	1.9229140E+06
1.35E+03	1.9159290E+06
1.35E+03	1.9234110E+06
1.36E+03	1.9194620E+06
1.36E+03	1.9162230E+06
1.36E+03	1.9185270E+06
1.36E+03	1.9165160E+06
1.36E+03	1.9211670E+06
1.37E+03	1.9154040E+06
1.37E+03	1.9190260E+06
1.37E+03	1.9171810E+06
1.37E+03	1.9149490E+06
1.37E+03	1.9189330E+06
1.38E+03	1.9166370E+06
1.38E+03	1.9132590E+06
1.38E+03	1.9197740E+06
1.38E+03	1.9235180E+06
1.38E+03	1.9150480E+06
1.39E+03	1.9209080E+06
1.39E+03	1.9193670E+06
1.39E+03	1.9114140E+06
1.39E+03	1.9187760E+06
1.39E+03	1.9149990E+06
1.40E+03	1.9139320E+06
1.40E+03	1.9205070E+06
1.40E+03	1.9146750E+06
1.40E+03	1.9124410E+06
1.40E+03	1.9088880E+06
1.41E+03	1.9198950E+06
1.41E+03	1.9158960E+06
1.41E+03	1.9127250E+06
1.41E+03	1.9182210E+06
1.41E+03	1.9186170E+06
1.42E+03	1.9205150E+06
1.42E+03	1.9126280E+06
1.42E+03	1.9162890E+06
1.42E+03	1.9161350E+06
1.42E+03	1.9140330E+06
1.43E+03	1.9151270E+06
1.43E+03	1.9182480E+06
1.43E+03	1.9164840E+06
1.43E+03	1.9070640E+06
1.43E+03	1.9147910E+06
1.44E+03	1.9194350E+06
1.44E+03	1.9108640E+06
1.44E+03	1.9179030E+06
1.44E+03	1.9169810E+06
1.44E+03	1.9156830E+06
1.44E+03	1.9163300E+06
1.45E+03	1.9174840E+06
1.45E+03	1.9105740E+06
1.45E+03	1.9191790E+06
1.45E+03	1.9181410E+06
1.45E+03	1.9126420E+06
1.46E+03	1.9180500E+06
1.46E+03	1.9126500E+06
1.46E+03	1.9130390E+06
1.46E+03	1.9074490E+06
1.46E+03	1.9092640E+06
1.47E+03	1.9199510E+06
1.47E+03	1.9170190E+06
1.47E+03	1.9206850E+06
1.47E+03	1.9131440E+06
1.47E+03	1.9118490E+06
1.48E+03	1.9098310E+06
1.48E+03	1.9176820E+06
1.48E+03	1.9161860E+06
1.48E+03	1.9112740E+06
1.48E+03	1.9169290E+06
1.49E+03	1.9176200E+06
1.49E+03	1.9154180E+06
1.49E+03	1.9092890E+06
1.49E+03	1.9143910E+06
1.49E+03	1.9182200E+06
1.50E+03	1.9156910E+06
1.50E+03	1.9135100E+06
1.50E+03	1.9116950E+06
1.50E+03	1.9103810E+06
1.50E+03	1.9158890E+06
1.51E+03	1.9152510E+06
1.51E+03	1.9171420E+06
1.51E+03	1.9085650E+06
1.51E+03	1.9104040E+06
1.51E+03	1.9119320E+06
1.52E+03	1.9175040E+06
1.52E+03	1.9133960E+06
1.52E+03	1.9132050E+06
1.52E+03	1.9146550E+06
1.52E+03	1.9108050E+06
1.53E+03	1.9180510E+06
1.53E+03	1.9133360E+06
1.53E+03	1.9146000E+06
1.53E+03	1.9164010E+06
1.53E+03	1.9191600E+06
1.54E+03	1.9254220E+06
1.54E+03	1.9194720E+06
1.54E+03	1.9250640E+06
1.54E+03	1.9160090E+06
1.54E+03	1.9112770E+06
1.55E+03	1.9190510E+06
1.55E+03	1.9064810E+06
1.55E+03	1.9174090E+06
1.55E+03	1.9185600E+06
1.55E+03	1.9099900E+06
1.56E+03	1.9091690E+06
1.56E+03	1.9162100E+06
1.56E+03	1.9151840E+06
1.56E+03	1.9147880E+06
1.56E+03	1.9112080E+06
1.57E+03	1.9139370E+06
1.57E+03	1.9173710E+06
1.57E+03	1.9126140E+06
1.57E+03	1.9158110E+06
1.57E+03	1.9119770E+06
1.58E+03	1.9130910E+06
1.58E+03	1.9119520E+06
1.58E+03	1.9135420E+06
1.58E+03	1.9114660E+06
1.58E+03	1.9162960E+06
1.59E+03	1.9151000E+06
1.59E+03	1.9218130E+06
1.59E+03	1.9132880E+06
1.59E+03	1.9123990E+06
1.59E+03	1.9149650E+06
1.60E+03	1.9190170E+06
1.60E+03	1.9181030E+06
1.60E+03	1.9214290E+06
1.60E+03	1.9113980E+06
1.60E+03	1.9123220E+06
1.61E+03	1.9190990E+06
1.61E+03	1.9112180E+06
1.61E+03	1.9131070E+06
1.61E+03	1.9101660E+06
1.61E+03	1.9088150E+06
1.62E+03	1.9110340E+06
1.62E+03	1.9074960E+06
1.62E+03	1.9184950E+06
1.62E+03	1.9205050E+06
1.62E+03	1.9160510E+06
1.63E+03	1.9171310E+06
1.63E+03	1.9147840E+06
1.63E+03	1.9152590E+06
1.63E+03	1.9169210E+06
1.63E+03	1.9108090E+06
1.64E+03	1.9261970E+06
1.64E+03	1.9143400E+06
1.64E+03	1.9137520E+06
1.64E+03	1.9141880E+06
1.64E+03	1.9144170E+06
1.65E+03	1.9199040E+06
1.65E+03	1.9226580E+06
1.65E+03	1.9150990E+06
1.65E+03	1.9158520E+06
1.65E+03	1.9140620E+06
1.66E+03	1.9199110E+06
1.66E+03	1.9163930E+06
1.66E+03	1.9205500E+06
1.66E+03	1.9174420E+06
1.66E+03	1.9168930E+06
1.67E+03	1.9166780E+06
1.67E+03	1.9171930E+06
1.67E+03	1.9189100E+06
1.67E+03	1.9186300E+06
1.67E+03	1.9197040E+06
1.68E+03	1.9189490E+06
1.68E+03	1.9146880E+06
1.68E+03	1.9150830E+06
1.68E+03	1.9187750E+06
1.68E+03	1.9180270E+06
1.69E+03	1.9146660E+06
1.69E+03	1.9176960E+06
1.69E+03	1.9192400E+06
1.69E+03	1.9099880E+06
1.69E+03	1.9167600E+06
1.70E+03	1.9143580E+06
1.70E+03	1.9109360E+06
1.70E+03	1.9155570E+06
1.70E+03	1.9149080E+06
1.70E+03	1.9184150E+06
1.71E+03	1.9154560E+06
1.71E+03	1.9142600E+06
1.71E+03	1.9170910E+06
1.71E+03	1.9149720E+06
1.71E+03	1.9127190E+06
1.72E+03	1.9170370E+06
1.72E+03	1.9168160E+06
1.72E+03	1.9195250E+06
1.72E+03	1.9196570E+06
1.72E+03	1.9152810E+06
1.73E+03	1.9202000E+06
1.73E+03	1.9162550E+06
1.73E+03	1.9181180E+06
1.73E+03	1.9108960E+06
1.73E+03	1.9173550E+06
1.74E+03	1.9163120E+06
1.74E+03	1.9144070E+06
1.74E+03	1.9099390E+06
1.74E+03	1.9173740E+06
1.74E+03	1.9130860E+06
1.75E+03	1.9143220E+06
1.75E+03	1.9148970E+06
1.75E+03	1.9146700E+06
1.75E+03	1.9159500E+06
1.75E+03	1.9144210E+06
1.76E+03	1.9169100E+06
1.76E+03	1.9158820E+06
1.76E+03	1.9163330E+06
1.76E+03	1.9147070E+06
1.76E+03	1.9196690E+06
1.77E+03	1.9205070E+06
1.77E+03	1.9189240E+06
1.77E+03	1.9203010E+06
1.77E+03	1.9186510E+06
1.77E+03	1.9221250E+06
1.78E+03	1.9174900E+06
1.78E+03	1.9141500E+06
1.78E+03	1.9183560E+06
1.78E+03	1.9119910E+06
1.78E+03	1.9151390E+06
1.79E+03	1.9187200E+06
1.79E+03	1.9163640E+06
1.79E+03	1.9147350E+06
1.79E+03	1.9192300E+06
1.79E+03	1.9207210E+06
1.80E+03	1.9135710E+06
1.80E+03	1.9151700E+06
1.80E+03	1.9151900E+06
1.80E+03	1.9159350E+06
1.80E+03	1.9135100E+06
1.81E+03	1.9205160E+06
1.81E+03	1.9132430E+06
1.81E+03	1.9172300E+06
1.81E+03	1.9214910E+06
1.81E+03	1.9121410E+06
1.82E+03	1.9144010E+06
1.82E+03	1.9147450E+06
1.82E+03	1.9180130E+06
1.82E+03	1.9116230E+06
1.82E+03	1.9210860E+06
1.83E+03	1.9216750E+06
1.83E+03	1.9256440E+06
1.83E+03	1.9135220E+06
1.83E+03	1.9164730E+06
1.83E+03	1.9220330E+06
1.84E+03	1.9186210E+06
1.84E+03	1.9153330E+06
1.84E+03	1.9141390E+06
1.84E+03	1.9187630E+06
1.84E+03	1.9117680E+06
1.85E+03	1.9158440E+06
1.85E+03	1.9155610E+06
1.85E+03	1.9186260E+06
1.85E+03	1.9163990E+06
1.85E+03	1.9121580E+06
1.86E+03	1.9123480E+06
1.86E+03	1.9164320E+06
1.86E+03	1.9130460E+06
1.86E+03	1.9177800E+06
1.86E+03	1.9152280E+06
1.87E+03	1.9189030E+06
1.87E+03	1.9147580E+06
1.87E+03	1.9172370E+06
1.87E+03	1.9143140E+06
1.87E+03	1.9164610E+06
1.87E+03	1.9166620E+06
1.88E+03	1.9184700E+06
1.88E+03	1.9123900E+06
1.88E+03	1.9182600E+06
1.88E+03	1.9135350E+06
1.89E+03	1.9183900E+06
1.89E+03	1.9185020E+06
1.89E+03	1.9164710E+06
1.89E+03	1.9205920E+06
1.89E+03	1.9191820E+06
1.89E+03	1.9223580E+06
1.90E+03	1.9236900E+06
1.90E+03	1.9141150E+06
1.90E+03	1.9161490E+06
1.90E+03	1.9146890E+06
1.90E+03	1.9180570E+06
1.90E+03	1.9144930E+06
1.90E+03	1.9180580E+06
1.90E+03	1.9192510E+06
1.91E+03	1.9184210E+06
1.91E+03	1.9173910E+06
1.91E+03	1.9142550E+06
1.91E+03	1.9095580E+06
1.91E+03	1.9171600E+06
1.91E+03	1.9205450E+06
1.91E+03	1.9135530E+06
1.91E+03	1.9242150E+06
1.91E+03	1.9155900E+06
1.91E+03	1.9159960E+06
1.92E+03	1.9157600E+06
1.92E+03	1.9175290E+06
1.92E+03	1.9131960E+06
1.92E+03	1.9144810E+06
1.92E+03	1.9147850E+06
1.92E+03	1.9179150E+06
1.92E+03	1.9141850E+06
1.92E+03	1.9168790E+06
1.92E+03	1.9176570E+06
1.92E+03	1.9214300E+06
1.93E+03	1.9178560E+06
1.93E+03	1.9122260E+06
1.93E+03	1.9196170E+06
1.93E+03	1.9137500E+06
1.93E+03	1.9118250E+06
1.93E+03	1.9167280E+06
1.93E+03	1.9160410E+06
1.93E+03	1.9176830E+06
1.93E+03	1.9129940E+06
1.93E+03	1.9111330E+06
1.94E+03	1.9171020E+06
1.94E+03	1.9137350E+06
1.94E+03	1.9223430E+06
1.94E+03	1.9112760E+06
1.94E+03	1.9133430E+06
1.94E+03	1.9154770E+06
1.94E+03	1.9147990E+06
1.94E+03	1.9119410E+06
1.94E+03	1.9202630E+06
1.94E+03	1.9128460E+06
1.95E+03	1.9173780E+06
1.95E+03	1.9171690E+06
1.95E+03	1.9105130E+06
1.95E+03	1.9141270E+06
1.95E+03	1.9197080E+06
1.95E+03	1.9153800E+06
1.95E+03	1.9217700E+06
1.95E+03	1.9086950E+06
1.95E+03	1.9155750E+06
1.95E+03	1.9075320E+06
1.96E+03	1.9190880E+06
1.96E+03	1.9165410E+06
1.96E+03	1.9112640E+06
1.96E+03	1.9192780E+06
1.96E+03	1.9097130E+06
1.96E+03	1.9136740E+06
1.96E+03	1.9085150E+06
1.96E+03	1.9140920E+06
1.96E+03	1.9135830E+06
1.96E+03	1.9081940E+06
1.97E+03	1.9104820E+06
1.97E+03	1.9104490E+06
1.97E+03	1.9108990E+06
1.97E+03	1.9158230E+06
1.97E+03	1.9126400E+06
1.97E+03	1.9125940E+06
1.97E+03	1.9163230E+06
1.97E+03	1.9204430E+06
1.97E+03	1.9130830E+06
1.97E+03	1.9135840E+06
1.98E+03	1.9104390E+06
1.98E+03	1.9181270E+06
1.98E+03	1.9148510E+06
1.98E+03	1.9111270E+06
1.98E+03	1.9132650E+06
1.98E+03	1.9126710E+06
1.98E+03	1.9148390E+06
1.98E+03	1.9062020E+06
1.98E+03	1.9116080E+06
1.98E+03	1.9132750E+06
1.99E+03	1.9158580E+06
1.99E+03	1.9171840E+06
1.99E+03	1.9206130E+06
1.99E+03	1.9144270E+06
1.99E+03	1.9144680E+06
1.99E+03	1.9160710E+06
1.99E+03	1.9107200E+06
1.99E+03	1.9114840E+06
1.99E+03	1.9098470E+06
1.99E+03	1.9095010E+06
2.00E+03	1.9136310E+06
2.00E+03	1.9147040E+06
2.00E+03	1.9133270E+06
2.00E+03	1.9118040E+06
2.00E+03	1.9095890E+06
2.00E+03	1.9187690E+06
2.00E+03	1.9120030E+06
1.98E+03	1.9137940E+06
1.95E+03	1.9096840E+06
1.93E+03	1.9167310E+06
1.90E+03	1.9152120E+06
1.88E+03	1.9167910E+06
1.85E+03	1.9235340E+06
1.82E+03	1.9146670E+06
1.80E+03	1.9140570E+06
1.77E+03	1.9150520E+06
1.74E+03	1.9082040E+06
1.72E+03	1.9159850E+06
1.69E+03	1.9156660E+06
1.67E+03	1.9083710E+06
1.64E+03	1.9140600E+06
1.61E+03	1.9152130E+06
1.59E+03	1.9090560E+06
1.56E+03	1.9133490E+06
1.53E+03	1.9193490E+06
1.51E+03	1.9096820E+06
1.48E+03	1.9128810E+06
1.45E+03	1.9157430E+06
1.43E+03	1.9196240E+06
1.40E+03	1.9140780E+06
1.37E+03	1.9081180E+06
1.35E+03	1.9158020E+06
1.32E+03	1.9179410E+06
1.29E+03	1.9106730E+06
1.27E+03	1.9247650E+06
1.24E+03	1.9213270E+06
1.22E+03	1.9184870E+06
1.19E+03	1.9163800E+06
1.16E+03	1.9197150E+06
1.14E+03	1.9265080E+06
1.11E+03	1.9210310E+06
1.08E+03	1.9170270E+06
1.06E+03	1.9185800E+06
1.05E+03	1.9150200E+06
1.03E+03	1.9153370E+06
1.02E+03	1.9168570E+06
1.01E+03	1.9215400E+06
1.00E+03	1.9157710E+06
1.00E+03	1.9122550E+06
9.99E+02	1.9197280E+06
9.96E+02	1.9136910E+06
9.93E+02	1.9108530E+06
9.91E+02	1.9151160E+06
9.88E+02	1.9157640E+06
9.86E+02	1.9252790E+06
9.83E+02	1.9155640E+06
9.80E+02	1.9184290E+06
9.78E+02	1.9171540E+06
9.75E+02	1.9205150E+06
9.72E+02	1.9161560E+06
9.70E+02	1.9142600E+06
9.67E+02	1.9157580E+06
9.64E+02	1.9178280E+06
9.62E+02	1.9207540E+06
9.59E+02	1.9171230E+06
9.57E+02	1.9163500E+06
9.54E+02	1.9187650E+06
9.51E+02	1.9223000E+06
9.48E+02	1.9196810E+06
9.46E+02	1.9163210E+06
9.43E+02	1.9218110E+06
9.40E+02	1.9172120E+06
9.38E+02	1.9155990E+06
9.35E+02	1.9201810E+06
9.33E+02	1.9214040E+06
9.30E+02	1.9263470E+06
9.27E+02	1.9208380E+06
9.25E+02	1.9185680E+06
9.22E+02	1.9175660E+06
9.19E+02	1.9152720E+06
9.17E+02	1.9145890E+06
9.14E+02	1.9197010E+06
9.11E+02	1.9219060E+06
9.09E+02	1.9183900E+06
9.06E+02	1.9171620E+06
9.03E+02	1.9187940E+06
9.01E+02	1.9157370E+06
8.98E+02	1.9216820E+06
8.96E+02	1.9188150E+06
8.93E+02	1.9201250E+06
8.90E+02	1.9189960E+06
8.87E+02	1.9183180E+06
8.85E+02	1.9190970E+06
8.82E+02	1.9172190E+06
8.80E+02	1.9094820E+06
8.77E+02	1.9283840E+06
8.75E+02	1.9146320E+06
8.72E+02	1.9162780E+06
8.69E+02	1.9117950E+06
8.67E+02	1.9255490E+06
8.64E+02	1.9222970E+06
8.61E+02	1.9167400E+06
8.59E+02	1.9155390E+06
8.56E+02	1.9116580E+06
8.53E+02	1.9129240E+06
8.51E+02	1.9158870E+06
8.48E+02	1.9188040E+06
8.45E+02	1.9109040E+06
8.43E+02	1.9156930E+06
8.40E+02	1.9101290E+06
8.37E+02	1.9189950E+06
8.35E+02	1.9137300E+06
8.32E+02	1.9160130E+06
8.29E+02	1.9227450E+06
8.27E+02	1.9172650E+06
8.24E+02	1.9210910E+06
8.21E+02	1.9159140E+06
8.19E+02	1.9170710E+06
8.16E+02	1.9188080E+06
8.14E+02	1.9141220E+06
8.11E+02	1.9201320E+06
8.08E+02	1.9199540E+06
8.06E+02	1.9178860E+06
8.03E+02	1.9185180E+06
8.00E+02	1.9210440E+06
7.98E+02	1.9199450E+06
7.95E+02	1.9218440E+06
7.92E+02	1.9200490E+06
7.90E+02	1.9198050E+06
7.87E+02	1.9197450E+06
7.84E+02	1.9185020E+06
7.82E+02	1.9194410E+06
7.79E+02	1.9228430E+06
7.76E+02	1.9201710E+06
7.74E+02	1.9158120E+06
7.71E+02	1.9184250E+06
7.68E+02	1.9250410E+06
7.66E+02	1.9154670E+06
7.63E+02	1.9133120E+06
7.61E+02	1.9184240E+06
7.58E+02	1.9155050E+06
7.55E+02	1.9170910E+06
7.53E+02	1.9224330E+06
7.50E+02	1.9292010E+06
7.47E+02	1.9255580E+06
7.45E+02	1.9304020E+06
7.42E+02	1.9209780E+06
7.39E+02	1.9144080E+06
7.37E+02	1.9205160E+06
7.34E+02	1.9198610E+06
7.31E+02	1.9194290E+06
7.29E+02	1.9292380E+06
7.26E+02	1.9214630E+06
7.23E+02	1.9187430E+06
7.21E+02	1.9225480E+06
7.18E+02	1.9204400E+06
7.15E+02	1.9193440E+06
7.13E+02	1.9180600E+06
7.10E+02	1.9173450E+06
7.08E+02	1.9208800E+06
7.05E+02	1.9187250E+06
7.02E+02	1.9215690E+06
7.00E+02	1.9223150E+06
6.97E+02	1.9221230E+06
6.94E+02	1.9300210E+06
6.92E+02	1.9209350E+06
6.89E+02	1.9252020E+06
6.86E+02	1.9235010E+06
6.84E+02	1.9211300E+06
6.81E+02	1.9238770E+06
6.78E+02	1.9233870E+06
6.76E+02	1.9197580E+06
6.73E+02	1.9187950E+06
6.70E+02	1.9203330E+06
6.68E+02	1.9286930E+06
6.65E+02	1.9248430E+06
6.63E+02	1.9258160E+06
6.60E+02	1.9262770E+06
6.57E+02	1.9227370E+06
6.55E+02	1.9289780E+06
6.52E+02	1.9200550E+06
6.49E+02	1.9248080E+06
6.47E+02	1.9287130E+06
6.44E+02	1.9216180E+06
6.41E+02	1.9274410E+06
6.39E+02	1.9273310E+06
6.36E+02	1.9241250E+06
6.33E+02	1.9224860E+06
6.31E+02	1.9234380E+06
6.28E+02	1.9202130E+06
6.25E+02	1.9242110E+06
6.23E+02	1.9235610E+06
6.20E+02	1.9259140E+06
6.17E+02	1.9276510E+06
6.15E+02	1.9328870E+06
6.12E+02	1.9264540E+06
6.10E+02	1.9206650E+06
6.07E+02	1.9230320E+06
6.04E+02	1.9234750E+06
6.02E+02	1.9233500E+06
5.99E+02	1.9263950E+06
5.96E+02	1.9267860E+06
5.94E+02	1.9255660E+06
5.91E+02	1.9325430E+06
5.88E+02	1.9253570E+06
5.86E+02	1.9208720E+06
5.83E+02	1.9246040E+06
5.80E+02	1.9227410E+06
5.78E+02	1.9290010E+06
5.75E+02	1.9231910E+06
5.73E+02	1.9249130E+06
5.70E+02	1.9248960E+06
5.67E+02	1.9261640E+06
5.64E+02	1.9267560E+06
5.62E+02	1.9234340E+06
5.59E+02	1.9205310E+06
5.56E+02	1.9203780E+06
5.54E+02	1.9232260E+06
5.51E+02	1.9229780E+06
5.49E+02	1.9249670E+06
5.46E+02	1.9266930E+06
5.43E+02	1.9209580E+06
5.41E+02	1.9211300E+06
5.38E+02	1.9293030E+06
5.35E+02	1.9247130E+06
5.33E+02	1.9299150E+06
5.30E+02	1.9283610E+06
5.28E+02	1.9255620E+06
5.25E+02	1.9277330E+06
5.22E+02	1.9225170E+06
5.19E+02	1.9257310E+06
5.17E+02	1.9242570E+06
5.14E+02	1.9254050E+06
5.12E+02	1.9264980E+06
5.09E+02	1.9260890E+06
5.06E+02	1.9230370E+06
5.04E+02	1.9257780E+06
5.01E+02	1.9271610E+06
4.98E+02	1.9263150E+06
4.96E+02	1.9241470E+06
4.93E+02	1.9238630E+06
4.90E+02	1.9265460E+06
4.88E+02	1.9258840E+06
4.85E+02	1.9263490E+06
4.82E+02	1.9242620E+06
4.80E+02	1.9247970E+06
4.77E+02	1.9258890E+06
4.74E+02	1.9271700E+06
4.72E+02	1.9239730E+06
4.69E+02	1.9246900E+06
4.67E+02	1.9277340E+06
4.64E+02	1.9168570E+06
4.61E+02	1.9243540E+06
4.59E+02	1.9243170E+06
4.56E+02	1.9244860E+06
4.53E+02	1.9221140E+06
4.50E+02	1.9206690E+06
4.48E+02	1.9261010E+06
4.45E+02	1.9263210E+06
4.43E+02	1.9235060E+06
4.40E+02	1.9209790E+06
4.38E+02	1.9233170E+06
4.35E+02	1.9266970E+06
4.32E+02	1.9283920E+06
4.30E+02	1.9267260E+06
4.27E+02	1.9297610E+06
4.24E+02	1.9253480E+06
4.21E+02	1.9272520E+06
4.19E+02	1.9239470E+06
4.16E+02	1.9298180E+06
4.14E+02	1.9280560E+06
4.11E+02	1.9228090E+06
4.08E+02	1.9295330E+06
4.06E+02	1.9280660E+06
4.03E+02	1.9297250E+06
4.00E+02	1.9346030E+06
3.98E+02	1.9315880E+06
3.95E+02	1.9261110E+06
3.92E+02	1.9229200E+06
3.90E+02	1.9258070E+06
3.87E+02	1.9231300E+06
3.84E+02	1.9172280E+06
3.82E+02	1.9332560E+06
3.79E+02	1.9278020E+06
3.76E+02	1.9326470E+06
3.74E+02	1.9258800E+06
3.71E+02	1.9281140E+06
3.68E+02	1.9237000E+06
3.66E+02	1.9354260E+06
3.63E+02	1.9377750E+06
3.61E+02	1.9354410E+06
3.58E+02	1.9293650E+06
3.55E+02	1.9321670E+06
3.52E+02	1.9288310E+06
3.50E+02	1.9270370E+06
3.47E+02	1.9340940E+06
3.45E+02	1.9233490E+06
3.42E+02	1.9303850E+06
3.39E+02	1.9322650E+06
3.37E+02	1.9325840E+06
3.34E+02	1.9307860E+06
3.31E+02	1.9279950E+06
3.29E+02	1.9276350E+06
3.26E+02	1.9277740E+06
3.23E+02	1.9295120E+06
3.21E+02	1.9318990E+06
3.18E+02	1.9315070E+06
3.16E+02	1.9317870E+06
3.13E+02	1.9325270E+06
3.10E+02	1.9334690E+06
3.08E+02	1.9367090E+06
3.05E+02	1.9342990E+06
3.02E+02	1.9336490E+06
3.00E+02	1.9331520E+06
2.97E+02	1.9322240E+06
2.94E+02	1.9326710E+06
2.92E+02	1.9328110E+06
2.89E+02	1.9318440E+06
2.86E+02	1.9381870E+06
2.84E+02	1.9296820E+06
2.81E+02	1.9317260E+06
2.78E+02	1.9329270E+06
2.76E+02	1.9287170E+06
2.73E+02	1.9284690E+06
2.71E+02	1.9303610E+06
2.68E+02	1.9270170E+06
2.65E+02	1.9328580E+06
2.63E+02	1.9322160E+06
2.60E+02	1.9365270E+06
2.57E+02	1.9364860E+06
2.54E+02	1.9407950E+06
2.52E+02	1.9374590E+06
2.49E+02	1.9363830E+06
2.47E+02	1.9370910E+06
2.44E+02	1.9279580E+06
2.41E+02	1.9342990E+06
2.39E+02	1.9285230E+06
2.36E+02	1.9324250E+06
2.33E+02	1.9338070E+06
2.31E+02	1.9313210E+06
2.28E+02	1.9359950E+06
2.25E+02	1.9335970E+06
2.23E+02	1.9315250E+06
2.20E+02	1.9349980E+06
2.18E+02	1.9371400E+06
2.15E+02	1.9393900E+06
2.12E+02	1.9384820E+06
2.10E+02	1.9353500E+06
2.07E+02	1.9356610E+06
2.04E+02	1.9367150E+06
2.02E+02	1.9374680E+06
1.99E+02	1.9368860E+06
1.96E+02	1.9364890E+06
1.94E+02	1.9337590E+06
1.91E+02	1.9350450E+06
1.88E+02	1.9350120E+06
1.86E+02	1.9303930E+06
1.83E+02	1.9315230E+06
1.81E+02	1.9440130E+06
1.78E+02	1.9335200E+06
1.75E+02	1.9319090E+06
1.73E+02	1.9397250E+06
1.70E+02	1.9291630E+06
1.67E+02	1.9364280E+06
1.65E+02	1.9321770E+06
1.62E+02	1.9426260E+06
1.59E+02	1.9333740E+06
1.57E+02	1.9406360E+06
1.54E+02	1.9401090E+06
1.51E+02	1.9415280E+06
1.49E+02	1.9360720E+06
1.46E+02	1.9398010E+06
1.43E+02	1.9368820E+06
1.40E+02	1.9314820E+06
1.38E+02	1.9433850E+06
1.35E+02	1.9461560E+06
1.33E+02	1.9373810E+06
1.30E+02	1.9386280E+06
1.28E+02	1.9380170E+06
1.25E+02	1.9408960E+06
1.22E+02	1.9398790E+06
1.19E+02	1.9323790E+06
1.17E+02	1.9387200E+06
1.14E+02	1.9314400E+06
1.12E+02	1.9490600E+06
1.09E+02	1.9415250E+06
1.06E+02	1.9424110E+06
1.04E+02	1.9433310E+06
1.01E+02	1.9393010E+06
9.82E+01	1.9441240E+06
9.56E+01	1.9434110E+06
9.30E+01	1.9426000E+06
9.04E+01	1.9442520E+06
8.77E+01	1.9507040E+06
8.50E+01	1.9452440E+06
8.24E+01	1.9445510E+06
7.98E+01	1.9404130E+06
7.70E+01	1.9507580E+06
7.44E+01	1.9454530E+06
7.18E+01	1.9414470E+06
6.91E+01	1.9484290E+06
6.67E+01	1.9518020E+06
6.38E+01	1.9586280E+06
6.12E+01	1.9486250E+06
5.87E+01	1.9469000E+06
5.59E+01	1.9481270E+06
5.32E+01	1.9537860E+06
5.06E+01	1.9534310E+06
4.80E+01	1.9492670E+06
4.54E+01	1.9470590E+06
4.26E+01	1.9506120E+06
4.00E+01	1.9598990E+06
3.74E+01	1.9631130E+06
3.46E+01	1.9563760E+06
3.20E+01	1.9594730E+06
2.95E+01	1.9623420E+06
2.65E+01	1.9584340E+06
2.40E+01	1.9647910E+06
2.14E+01	1.9703700E+06
1.89E+01	1.9775210E+06
1.62E+01	1.9683800E+06
1.35E+01	1.9831670E+06
1.08E+01	1.9799640E+06
8.20E+00	1.9838630E+06
5.59E+00	1.9983110E+06
2.97E+00	2.0022200E+06
2.49E-01	2.0133370E+06
-2.40E+00	2.0359060E+06
-5.01E+00	2.0477700E+06
-7.82E+00	2.0612640E+06
-1.04E+01	2.0633700E+06
-1.30E+01	2.0753330E+06
-1.56E+01	2.0808560E+06
-1.84E+01	2.0987840E+06
-2.10E+01	2.1069830E+06
-2.36E+01	2.1033330E+06
-2.63E+01	2.1162520E+06
-2.90E+01	2.1225850E+06
-3.17E+01	2.1179770E+06
-3.42E+01	2.1276270E+06
-3.69E+01	2.1325720E+06
-3.95E+01	2.1328550E+06
-4.23E+01	2.1302590E+06
-4.49E+01	2.1383220E+06
-4.74E+01	2.1338930E+06
-5.01E+01	2.1415050E+06
-5.29E+01	2.1473720E+06
-5.54E+01	2.1428410E+06
-5.81E+01	2.1358620E+06
-6.09E+01	2.1423190E+06
-6.35E+01	2.1367290E+06
-6.61E+01	2.1466170E+06
-6.88E+01	2.1419920E+06
-7.14E+01	2.1435350E+06
-7.40E+01	2.1404750E+06
-7.67E+01	2.1475910E+06
-7.95E+01	2.1472770E+06
-8.21E+01	2.1389470E+06
-8.47E+01	2.1399890E+06
-8.72E+01	2.1346100E+06
-8.99E+01	2.1340860E+06
-9.28E+01	2.1282250E+06
-9.53E+01	2.1339780E+06
-9.79E+01	2.1314990E+06
-1.01E+02	2.1332320E+06
-1.03E+02	2.1239000E+06
-1.06E+02	2.1232130E+06
-1.09E+02	2.1279380E+06
-1.12E+02	2.1298750E+06
-1.14E+02	2.1295780E+06
-1.17E+02	2.1185030E+06
-1.19E+02	2.1197160E+06
-1.22E+02	2.1312910E+06
-1.25E+02	2.1214380E+06
-1.27E+02	2.1060820E+06
-1.30E+02	2.1000690E+06
-1.32E+02	2.1011230E+06
-1.35E+02	2.1052660E+06
-1.38E+02	2.0972190E+06
-1.40E+02	2.0917180E+06
-1.43E+02	2.0891100E+06
-1.46E+02	2.0957840E+06
-1.49E+02	2.0938120E+06
-1.51E+02	2.0892110E+06
-1.54E+02	2.0747640E+06
-1.57E+02	2.0719570E+06
-1.59E+02	2.0803830E+06
-1.62E+02	2.0757200E+06
-1.64E+02	2.0710160E+06
-1.67E+02	2.0165260E+06
-1.70E+02	1.9936610E+06
-1.72E+02	1.9839480E+06
-1.75E+02	1.9898490E+06
-1.77E+02	1.9560270E+06
-1.80E+02	1.9519460E+06
-1.83E+02	1.9434960E+06
-1.85E+02	1.9528820E+06
-1.88E+02	1.9440000E+06
-1.91E+02	1.9400920E+06
-1.93E+02	1.9415960E+06
-1.96E+02	1.9328770E+06
-1.99E+02	1.9386260E+06
-2.01E+02	1.9425330E+06
-2.04E+02	1.9382360E+06
-2.07E+02	1.9326040E+06
-2.09E+02	1.9265850E+06
-2.12E+02	1.9295280E+06
-2.15E+02	1.9318950E+06
-2.17E+02	1.9350000E+06
-2.20E+02	1.9264450E+06
-2.22E+02	1.9361050E+06
-2.25E+02	1.9372740E+06
-2.28E+02	1.9348550E+06
-2.30E+02	1.9320560E+06
-2.34E+02	1.9340690E+06
-2.36E+02	1.9397740E+06
-2.39E+02	1.9327170E+06
-2.42E+02	1.9304100E+06
-2.44E+02	1.9404980E+06
-2.47E+02	1.9407030E+06
-2.49E+02	1.9352350E+06
-2.52E+02	1.9288830E+06
-2.55E+02	1.9327070E+06
-2.58E+02	1.9369370E+06
-2.60E+02	1.9348560E+06
-2.63E+02	1.9344000E+06
-2.66E+02	1.9242630E+06
-2.68E+02	1.9206770E+06
-2.71E+02	1.9256780E+06
-2.73E+02	1.9382630E+06
-2.76E+02	1.9300310E+06
-2.79E+02	1.9266960E+06
-2.82E+02	1.9316130E+06
-2.84E+02	1.9259220E+06
-2.87E+02	1.9326900E+06
-2.89E+02	1.9335310E+06
-2.92E+02	1.9284560E+06
-2.95E+02	1.9344520E+06
-2.97E+02	1.9276700E+06
-3.00E+02	1.9258510E+06
-3.03E+02	1.9273750E+06
-3.05E+02	1.9293930E+06
-3.08E+02	1.9272670E+06
-3.11E+02	1.9328710E+06
-3.13E+02	1.9286860E+06
-3.16E+02	1.9282490E+06
-3.19E+02	1.9367200E+06
-3.21E+02	1.9277520E+06
-3.24E+02	1.9336590E+06
-3.27E+02	1.9181250E+06
-3.29E+02	1.9382270E+06
-3.32E+02	1.9249770E+06
-3.35E+02	1.9283310E+06
-3.37E+02	1.9316430E+06
-3.40E+02	1.9274750E+06
-3.42E+02	1.9223270E+06
-3.45E+02	1.9211740E+06
-3.48E+02	1.9249420E+06
-3.50E+02	1.9208910E+06
-3.53E+02	1.9350740E+06
-3.56E+02	1.9282820E+06
-3.58E+02	1.9324280E+06
-3.61E+02	1.9263630E+06
-3.64E+02	1.9265200E+06
-3.66E+02	1.9229780E+06
-3.69E+02	1.9257330E+06
-3.72E+02	1.9282520E+06
-3.74E+02	1.9257020E+06
-3.77E+02	1.9236990E+06
-3.80E+02	1.9275700E+06
-3.82E+02	1.9278660E+06
-3.85E+02	1.9285500E+06
-3.88E+02	1.9301030E+06
-3.90E+02	1.9257680E+06
-3.93E+02	1.9271730E+06
-3.95E+02	1.9327140E+06
-3.98E+02	1.9283060E+06
-4.01E+02	1.9285550E+06
-4.03E+02	1.9296230E+06
-4.06E+02	1.9289930E+06
-4.09E+02	1.9225610E+06
-4.11E+02	1.9280400E+06
-4.14E+02	1.9230050E+06
-4.17E+02	1.9263550E+06
-4.19E+02	1.9219160E+06
-4.22E+02	1.9259490E+06
-4.25E+02	1.9233640E+06
-4.27E+02	1.9237800E+06
-4.30E+02	1.9262260E+06
-4.32E+02	1.9231620E+06
-4.35E+02	1.9238590E+06
-4.38E+02	1.9297260E+06
-4.41E+02	1.9314240E+06
-4.43E+02	1.9303580E+06
-4.46E+02	1.9314120E+06
-4.48E+02	1.9292520E+06
-4.51E+02	1.9305380E+06
-4.54E+02	1.9229250E+06
-4.56E+02	1.9231070E+06
-4.59E+02	1.9249240E+06
-4.62E+02	1.9252260E+06
-4.64E+02	1.9246850E+06
-4.67E+02	1.9274460E+06
-4.70E+02	1.9288990E+06
-4.72E+02	1.9245270E+06
-4.75E+02	1.9204940E+06
-4.78E+02	1.9251970E+06
-4.80E+02	1.9243030E+06
-4.83E+02	1.9249620E+06
-4.86E+02	1.9240820E+06
-4.88E+02	1.9209290E+06
-4.91E+02	1.9196970E+06
-4.93E+02	1.9255480E+06
-4.96E+02	1.9230960E+06
-4.99E+02	1.9225020E+06
-5.01E+02	1.9190690E+06
-5.04E+02	1.9226960E+06
-5.07E+02	1.9208230E+06
-5.09E+02	1.9250020E+06
-5.12E+02	1.9253600E+06
-5.14E+02	1.9255710E+06
-5.17E+02	1.9285440E+06
-5.20E+02	1.9250770E+06
-5.22E+02	1.9227240E+06
-5.25E+02	1.9250820E+06
-5.28E+02	1.9227460E+06
-5.31E+02	1.9246860E+06
-5.33E+02	1.9294420E+06
-5.36E+02	1.9236010E+06
-5.39E+02	1.9265770E+06
-5.41E+02	1.9218390E+06
-5.44E+02	1.9282580E+06
-5.47E+02	1.9240820E+06
-5.49E+02	1.9233980E+06
-5.52E+02	1.9206130E+06
-5.54E+02	1.9226710E+06
-5.57E+02	1.9215520E+06
-5.60E+02	1.9267750E+06
-5.62E+02	1.9283790E+06
-5.65E+02	1.9195770E+06
-5.68E+02	1.9272870E+06
-5.70E+02	1.9203050E+06
-5.73E+02	1.9269240E+06
-5.76E+02	1.9195900E+06
-5.78E+02	1.9205920E+06
-5.81E+02	1.9203430E+06
-5.84E+02	1.9235580E+06
-5.86E+02	1.9202980E+06
-5.89E+02	1.9215600E+06
-5.92E+02	1.9270100E+06
-5.94E+02	1.9276920E+06
-5.97E+02	1.9230950E+06
-6.00E+02	1.9234100E+06
-6.02E+02	1.9214660E+06
-6.05E+02	1.9217290E+06
-6.07E+02	1.9211280E+06
-6.10E+02	1.9199820E+06
-6.13E+02	1.9189930E+06
-6.15E+02	1.9259970E+06
-6.18E+02	1.9274700E+06
-6.21E+02	1.9228460E+06
-6.23E+02	1.9270040E+06
-6.26E+02	1.9220530E+06
-6.29E+02	1.9242050E+06
-6.31E+02	1.9198130E+06
-6.34E+02	1.9183500E+06
-6.36E+02	1.9257520E+06
-6.39E+02	1.9180780E+06
-6.42E+02	1.9226550E+06
-6.44E+02	1.9268800E+06
-6.47E+02	1.9230050E+06
-6.50E+02	1.9243610E+06
-6.52E+02	1.9235820E+06
-6.55E+02	1.9205130E+06
-6.58E+02	1.9217850E+06
-6.60E+02	1.9146390E+06
-6.63E+02	1.9212640E+06
-6.66E+02	1.9180970E+06
-6.68E+02	1.9170140E+06
-6.71E+02	1.9248440E+06
-6.74E+02	1.9219750E+06
-6.76E+02	1.9225660E+06
-6.79E+02	1.9283760E+06
-6.81E+02	1.9184750E+06
-6.84E+02	1.9208100E+06
-6.87E+02	1.9209740E+06
-6.90E+02	1.9231400E+06
-6.92E+02	1.9213950E+06
-6.95E+02	1.9219370E+06
-6.97E+02	1.9239870E+06
-7.00E+02	1.9206310E+06
-7.03E+02	1.9196770E+06
-7.05E+02	1.9199500E+06
-7.08E+02	1.9176790E+06
-7.11E+02	1.9242480E+06
-7.13E+02	1.9218750E+06
-7.16E+02	1.9210410E+06
-7.19E+02	1.9227310E+06
-7.21E+02	1.9179130E+06
-7.24E+02	1.9249210E+06
-7.27E+02	1.9150570E+06
-7.29E+02	1.9150160E+06
-7.32E+02	1.9268020E+06
-7.34E+02	1.9294630E+06
-7.37E+02	1.9192590E+06
-7.40E+02	1.9203470E+06
-7.43E+02	1.9150820E+06
-7.45E+02	1.9193170E+06
-7.48E+02	1.9185330E+06
-7.50E+02	1.9126040E+06
-7.53E+02	1.9252270E+06
-7.56E+02	1.9188790E+06
-7.58E+02	1.9159340E+06
-7.61E+02	1.9162050E+06
-7.64E+02	1.9187360E+06
-7.66E+02	1.9218190E+06
-7.69E+02	1.9219670E+06
-7.71E+02	1.9257260E+06
-7.74E+02	1.9224920E+06
-7.77E+02	1.9209960E+06
-7.80E+02	1.9187890E+06
-7.82E+02	1.9198320E+06
-7.85E+02	1.9221920E+06
-7.87E+02	1.9194970E+06
-7.90E+02	1.9149310E+06
-7.93E+02	1.9180240E+06
-7.95E+02	1.9198760E+06
-7.98E+02	1.9163840E+06
-8.01E+02	1.9247780E+06
-8.03E+02	1.9171490E+06
-8.06E+02	1.9217230E+06
-8.09E+02	1.9254430E+06
-8.11E+02	1.9203990E+06
-8.14E+02	1.9186350E+06
-8.17E+02	1.9158930E+06
-8.19E+02	1.9155030E+06
-8.22E+02	1.9251150E+06
-8.25E+02	1.9201620E+06
-8.27E+02	1.9209480E+06
-8.30E+02	1.9190530E+06
-8.33E+02	1.9189600E+06
-8.35E+02	1.9207460E+06
-8.38E+02	1.9195050E+06
-8.40E+02	1.9156290E+06
-8.43E+02	1.9160800E+06
-8.46E+02	1.9129870E+06
-8.48E+02	1.9186090E+06
-8.51E+02	1.9213160E+06
-8.54E+02	1.9123430E+06
-8.56E+02	1.9163000E+06
-8.59E+02	1.9206740E+06
-8.62E+02	1.9132200E+06
-8.65E+02	1.9187250E+06
-8.67E+02	1.9176070E+06
-8.70E+02	1.9139030E+06
-8.72E+02	1.9204480E+06
-8.75E+02	1.9206110E+06
-8.78E+02	1.9238060E+06
-8.80E+02	1.9172460E+06
-8.83E+02	1.9209770E+06
-8.86E+02	1.9197710E+06
-8.88E+02	1.9191390E+06
-8.91E+02	1.9162280E+06
-8.93E+02	1.9114550E+06
-8.96E+02	1.9194430E+06
-8.99E+02	1.9187260E+06
-9.01E+02	1.9174430E+06
-9.02E+02	1.9149490E+06
-9.03E+02	1.9188460E+06
-9.05E+02	1.9140490E+06
-9.06E+02	1.9175230E+06
-9.07E+02	1.9172160E+06
-9.09E+02	1.9159490E+06
-9.10E+02	1.9231870E+06
-9.11E+02	1.9186050E+06
-9.13E+02	1.9129900E+06
-9.14E+02	1.9177770E+06
-9.15E+02	1.9168950E+06
-9.17E+02	1.9140670E+06
-9.18E+02	1.9180490E+06
-9.19E+02	1.9146960E+06
-9.21E+02	1.9207020E+06
-9.22E+02	1.9177040E+06
-9.23E+02	1.9110840E+06
-9.25E+02	1.9116840E+06
-9.26E+02	1.9183000E+06
-9.27E+02	1.9170450E+06
-9.29E+02	1.9167040E+06
-9.30E+02	1.9167350E+06
-9.31E+02	1.9133330E+06
-9.33E+02	1.9108050E+06
-9.34E+02	1.9185250E+06
-9.35E+02	1.9140670E+06
-9.37E+02	1.9169240E+06
-9.38E+02	1.9124900E+06
-9.39E+02	1.9179390E+06
-9.41E+02	1.9202930E+06
-9.42E+02	1.9193790E+06
-9.43E+02	1.9144620E+06
-9.44E+02	1.9180000E+06
-9.46E+02	1.9188290E+06
-9.47E+02	1.9120550E+06
-9.49E+02	1.9243730E+06
-9.50E+02	1.9159820E+06
-9.51E+02	1.9148930E+06
-9.52E+02	1.9183370E+06
-9.54E+02	1.9206750E+06
-9.55E+02	1.9140100E+06
-9.56E+02	1.9187950E+06
-9.58E+02	1.9170090E+06
-9.59E+02	1.9125240E+06
-9.60E+02	1.9148910E+06
-9.62E+02	1.9168260E+06
-9.63E+02	1.9167010E+06
-9.64E+02	1.9167420E+06
-9.66E+02	1.9156990E+06
-9.67E+02	1.9163260E+06
-9.68E+02	1.9169770E+06
-9.70E+02	1.9170630E+06
-9.71E+02	1.9178940E+06
-9.72E+02	1.9138000E+06
-9.74E+02	1.9104600E+06
-9.75E+02	1.9207890E+06
-9.76E+02	1.9140070E+06
-9.78E+02	1.9114180E+06
-9.79E+02	1.9159650E+06
-9.80E+02	1.9142200E+06
-9.82E+02	1.9208980E+06
-9.83E+02	1.9101170E+06
-9.84E+02	1.9124070E+06
-9.86E+02	1.9247750E+06
-9.87E+02	1.9125870E+06
-9.88E+02	1.9196820E+06
-9.90E+02	1.9171110E+06
-9.91E+02	1.9170250E+06
-9.92E+02	1.9084230E+06
-9.94E+02	1.9148460E+06
-9.95E+02	1.9151750E+06
-9.96E+02	1.9131310E+06
-9.98E+02	1.9080830E+06
-9.99E+02	1.9163880E+06
-1.00E+03	1.9147320E+06
-1.00E+03	1.9170310E+06
-1.00E+03	1.9146190E+06
-1.02E+03	1.9126330E+06
-1.04E+03	1.9138750E+06
-1.07E+03	1.9142850E+06
-1.10E+03	1.9148810E+06
-1.12E+03	1.9158130E+06
-1.15E+03	1.9182060E+06
-1.18E+03	1.9159500E+06
-1.20E+03	1.9160810E+06
-1.23E+03	1.9128410E+06
-1.26E+03	1.9122930E+06
-1.28E+03	1.9108500E+06
-1.31E+03	1.9144570E+06
-1.34E+03	1.9129020E+06
-1.36E+03	1.9089110E+06
-1.39E+03	1.9167130E+06
-1.42E+03	1.9124020E+06
-1.44E+03	1.9048030E+06
-1.47E+03	1.9088090E+06
-1.49E+03	1.9155360E+06
-1.52E+03	1.9144180E+06
-1.55E+03	1.9143180E+06
-1.58E+03	1.9069630E+06
-1.61E+03	1.9096400E+06
-1.63E+03	1.9096090E+06
-1.66E+03	1.9210210E+06
-1.69E+03	1.9120150E+06
-1.71E+03	1.9210250E+06
-1.74E+03	1.9048080E+06
-1.76E+03	1.9113190E+06
-1.79E+03	1.9025900E+06
-1.82E+03	1.9020970E+06
-1.84E+03	1.9052640E+06
-1.87E+03	1.9094830E+06
-1.90E+03	1.9086480E+06
-1.92E+03	1.9095030E+06
-1.95E+03	1.9098150E+06
-1.96E+03	1.9118880E+06
-1.97E+03	1.9095950E+06
-1.98E+03	1.9126690E+06
-2.00E+03	1.9051520E+06
-2.00E+03	1.9128110E+06
-2.00E+03	1.9113380E+06
-1.98E+03	1.9140730E+06
-1.95E+03	1.9122900E+06
-1.93E+03	1.9096340E+06
-1.90E+03	1.9121100E+06
-1.87E+03	1.9100410E+06
-1.85E+03	1.9143920E+06
-1.82E+03	1.9116960E+06
-1.79E+03	1.9075100E+06
-1.77E+03	1.9133670E+06
-1.74E+03	1.9133970E+06
-1.71E+03	1.9124500E+06
-1.69E+03	1.9128800E+06
-1.66E+03	1.9157810E+06
-1.64E+03	1.9161200E+06
-1.61E+03	1.9128870E+06
-1.58E+03	1.9118540E+06
-1.56E+03	1.9058040E+06
-1.53E+03	1.9173450E+06
-1.50E+03	1.9148000E+06
-1.48E+03	1.9108930E+06
-1.45E+03	1.9116490E+06
-1.42E+03	1.9078640E+06
-1.40E+03	1.9221270E+06
-1.37E+03	1.9114110E+06
-1.34E+03	1.9136680E+06
-1.32E+03	1.9205100E+06
-1.29E+03	1.9100600E+06
-1.26E+03	1.9073960E+06
-1.24E+03	1.9216080E+06
-1.21E+03	1.9131560E+06
-1.19E+03	1.9077870E+06
-1.16E+03	1.9135760E+06
-1.13E+03	1.9139050E+06
-1.11E+03	1.9154670E+06
-1.08E+03	1.9133130E+06
-1.05E+03	1.9228970E+06
-1.04E+03	1.9193890E+06
-1.03E+03	1.9166100E+06
-1.02E+03	1.9141600E+06
-1.00E+03	1.9129000E+06
-1.00E+03	1.9144030E+06
-1.00E+03	1.9183480E+06
-1.00E+03	1.9183770E+06
-9.98E+02	1.9165580E+06
-9.95E+02	1.9134480E+06
-9.92E+02	1.9093150E+06
-9.90E+02	1.9237130E+06
-9.87E+02	1.9205170E+06
-9.84E+02	1.9179660E+06
-9.82E+02	1.9181710E+06
-9.79E+02	1.9112210E+06
-9.76E+02	1.9170180E+06
-9.74E+02	1.9177190E+06
-9.71E+02	1.9080360E+06
-9.68E+02	1.9154410E+06
-9.66E+02	1.9174570E+06
-9.63E+02	1.9150590E+06
-9.61E+02	1.9149760E+06
-9.58E+02	1.9152020E+06
-9.55E+02	1.9079680E+06
-9.52E+02	1.9159580E+06
-9.50E+02	1.9234030E+06
-9.47E+02	1.9119540E+06
-9.45E+02	1.9171930E+06
-9.42E+02	1.9131180E+06
-9.39E+02	1.9184410E+06
-9.37E+02	1.9215930E+06
-9.34E+02	1.9205900E+06
-9.31E+02	1.9191580E+06
-9.29E+02	1.9171310E+06
-9.26E+02	1.9195030E+06
-9.23E+02	1.9162190E+06
-9.21E+02	1.9235110E+06
-9.18E+02	1.9200230E+06
-9.15E+02	1.9202680E+06
-9.13E+02	1.9222420E+06
-9.10E+02	1.9263440E+06
-9.07E+02	1.9178990E+06
-9.05E+02	1.9183410E+06
-9.02E+02	1.9156540E+06
-8.99E+02	1.9197690E+06
-8.97E+02	1.9197590E+06
-8.94E+02	1.9195420E+06
-8.92E+02	1.9199810E+06
-8.89E+02	1.9217560E+06
-8.86E+02	1.9201600E+06
-8.84E+02	1.9188110E+06
-8.81E+02	1.9182200E+06
-8.78E+02	1.9176510E+06
-8.76E+02	1.9206010E+06
-8.73E+02	1.9174600E+06
-8.70E+02	1.9212930E+06
-8.68E+02	1.9215840E+06
-8.65E+02	1.9225210E+06
-8.63E+02	1.9201900E+06
-8.60E+02	1.9217300E+06
-8.57E+02	1.9220320E+06
-8.55E+02	1.9239800E+06
-8.52E+02	1.9226380E+06
-8.49E+02	1.9175530E+06
-8.47E+02	1.9224530E+06
-8.44E+02	1.9150240E+06
-8.41E+02	1.9212310E+06
-8.39E+02	1.9151520E+06
-8.36E+02	1.9287430E+06
-8.33E+02	1.9135670E+06
-8.31E+02	1.9234560E+06
-8.28E+02	1.9165300E+06
-8.25E+02	1.9175340E+06
-8.23E+02	1.9192180E+06
-8.20E+02	1.9131670E+06
-8.17E+02	1.9131360E+06
-8.15E+02	1.9170570E+06
-8.12E+02	1.9186430E+06
-8.10E+02	1.9158420E+06
-8.07E+02	1.9225110E+06
-8.04E+02	1.9189310E+06
-8.02E+02	1.9248010E+06
-7.99E+02	1.9209730E+06
-7.96E+02	1.9203390E+06
-7.94E+02	1.9206410E+06
-7.91E+02	1.9190510E+06
-7.88E+02	1.9185740E+06
-7.86E+02	1.9184260E+06
-7.83E+02	1.9192920E+06
-7.80E+02	1.9163770E+06
-7.78E+02	1.9211500E+06
-7.75E+02	1.9221270E+06
-7.73E+02	1.9191430E+06
-7.70E+02	1.9215180E+06
-7.67E+02	1.9186990E+06
-7.64E+02	1.9157470E+06
-7.62E+02	1.9193400E+06
-7.59E+02	1.9190200E+06
-7.57E+02	1.9197560E+06
-7.54E+02	1.9171790E+06
-7.51E+02	1.9208140E+06
-7.49E+02	1.9169570E+06
-7.46E+02	1.9190430E+06
-7.43E+02	1.9187500E+06
-7.41E+02	1.9186920E+06
-7.38E+02	1.9235520E+06
-7.35E+02	1.9194280E+06
-7.33E+02	1.9206010E+06
-7.30E+02	1.9259320E+06
-7.27E+02	1.9180890E+06
-7.25E+02	1.9210870E+06
-7.22E+02	1.9243400E+06
-7.19E+02	1.9259730E+06
-7.17E+02	1.9269280E+06
-7.14E+02	1.9174370E+06
-7.11E+02	1.9159060E+06
-7.09E+02	1.9182440E+06
-7.06E+02	1.9223140E+06
-7.04E+02	1.9199370E+06
-7.01E+02	1.9226050E+06
-6.98E+02	1.9228140E+06
-6.96E+02	1.9230730E+06
-6.93E+02	1.9236800E+06
-6.90E+02	1.9230870E+06
-6.88E+02	1.9203120E+06
-6.85E+02	1.9270240E+06
-6.82E+02	1.9195610E+06
-6.80E+02	1.9185410E+06
-6.77E+02	1.9210890E+06
-6.75E+02	1.9215820E+06
-6.72E+02	1.9206070E+06
-6.69E+02	1.9245510E+06
-6.67E+02	1.9241680E+06
-6.64E+02	1.9181780E+06
-6.61E+02	1.9251490E+06
-6.58E+02	1.9205130E+06
-6.56E+02	1.9187410E+06
-6.53E+02	1.9190800E+06
-6.51E+02	1.9184220E+06
-6.48E+02	1.9218430E+06
-6.45E+02	1.9204680E+06
-6.43E+02	1.9254150E+06
-6.40E+02	1.9263040E+06
-6.37E+02	1.9194200E+06
-6.35E+02	1.9184800E+06
-6.32E+02	1.9185660E+06
-6.29E+02	1.9182610E+06
-6.27E+02	1.9269600E+06
-6.24E+02	1.9247240E+06
-6.22E+02	1.9216730E+06
-6.19E+02	1.9208080E+06
-6.16E+02	1.9202490E+06
-6.14E+02	1.9244590E+06
-6.11E+02	1.9212790E+06
-6.08E+02	1.9190530E+06
-6.06E+02	1.9247290E+06
-6.03E+02	1.9261380E+06
-6.00E+02	1.9271040E+06
-5.98E+02	1.9212410E+06
-5.95E+02	1.9236080E+06
-5.92E+02	1.9240630E+06
-5.90E+02	1.9192790E+06
-5.87E+02	1.9225480E+06
-5.84E+02	1.9249750E+06
-5.82E+02	1.9226530E+06
-5.79E+02	1.9281550E+06
-5.76E+02	1.9261930E+06
-5.74E+02	1.9234430E+06
-5.71E+02	1.9247290E+06
-5.68E+02	1.9169260E+06
-5.66E+02	1.9173640E+06
-5.63E+02	1.9242560E+06
-5.61E+02	1.9238910E+06
-5.58E+02	1.9238770E+06
-5.55E+02	1.9206000E+06
-5.53E+02	1.9219020E+06
-5.50E+02	1.9255550E+06
-5.47E+02	1.9206260E+06
-5.45E+02	1.9251730E+06
-5.42E+02	1.9202970E+06
-5.39E+02	1.9212970E+06
-5.37E+02	1.9194470E+06
-5.34E+02	1.9249360E+06
-5.31E+02	1.9226050E+06
-5.29E+02	1.9267650E+06
-5.26E+02	1.9247200E+06
-5.23E+02	1.9234410E+06
-5.21E+02	1.9221430E+06
-5.18E+02	1.9234880E+06
-5.16E+02	1.9264890E+06
-5.13E+02	1.9260480E+06
-5.10E+02	1.9306070E+06
-5.08E+02	1.9249200E+06
-5.05E+02	1.9264370E+06
-5.02E+02	1.9234940E+06
-5.00E+02	1.9204620E+06
-4.97E+02	1.9182090E+06
-4.95E+02	1.9239850E+06
-4.92E+02	1.9254200E+06
-4.89E+02	1.9209490E+06
-4.86E+02	1.9200900E+06
-4.84E+02	1.9221300E+06
-4.81E+02	1.9290430E+06
-4.78E+02	1.9239560E+06
-4.76E+02	1.9311000E+06
-4.73E+02	1.9250020E+06
-4.71E+02	1.9259430E+06
-4.68E+02	1.9275450E+06
-4.65E+02	1.9220190E+06
-4.63E+02	1.9181810E+06
-4.60E+02	1.9211960E+06
-4.57E+02	1.9240020E+06
-4.55E+02	1.9264960E+06
-4.52E+02	1.9190290E+06
-4.49E+02	1.9252690E+06
-4.47E+02	1.9167000E+06
-4.44E+02	1.9282960E+06
-4.41E+02	1.9257050E+06
-4.39E+02	1.9226510E+06
-4.36E+02	1.9224830E+06
-4.33E+02	1.9260060E+06
-4.31E+02	1.9261170E+06
-4.28E+02	1.9261160E+06
-4.25E+02	1.9249150E+06
-4.23E+02	1.9238410E+06
-4.20E+02	1.9252770E+06
-4.17E+02	1.9258540E+06
-4.15E+02	1.9284390E+06
-4.12E+02	1.9209640E+06
-4.09E+02	1.9229980E+06
-4.07E+02	1.9185880E+06
-4.04E+02	1.9264760E+06
-4.02E+02	1.9265080E+06
-3.99E+02	1.9256080E+06
-3.96E+02	1.9210540E+06
-3.94E+02	1.9246510E+06
-3.91E+02	1.9214680E+06
-3.88E+02	1.9265770E+06
-3.86E+02	1.9264330E+06
-3.83E+02	1.9239020E+06
-3.80E+02	1.9227610E+06
-3.77E+02	1.9242450E+06
-3.75E+02	1.9267590E+06
-3.72E+02	1.9173890E+06
-3.70E+02	1.9232430E+06
-3.67E+02	1.9255260E+06
-3.64E+02	1.9244890E+06
-3.62E+02	1.9282560E+06
-3.59E+02	1.9248980E+06
-3.57E+02	1.9246820E+06
-3.54E+02	1.9275640E+06
-3.51E+02	1.9262270E+06
-3.49E+02	1.9272870E+06
-3.46E+02	1.9253740E+06
-3.43E+02	1.9245130E+06
-3.41E+02	1.9210150E+06
-3.38E+02	1.9306530E+06
-3.35E+02	1.9267680E+06
-3.33E+02	1.9296000E+06
-3.30E+02	1.9229100E+06
-3.27E+02	1.9277190E+06
-3.25E+02	1.9256350E+06
-3.22E+02	1.9247040E+06
-3.19E+02	1.9237490E+06
-3.17E+02	1.9296250E+06
-3.14E+02	1.9253470E+06
-3.11E+02	1.9304040E+06
-3.09E+02	1.9271730E+06
-3.06E+02	1.9258850E+06
-3.04E+02	1.9242070E+06
-3.01E+02	1.9278050E+06
-2.98E+02	1.9276310E+06
-2.96E+02	1.9281800E+06
-2.93E+02	1.9263480E+06
-2.90E+02	1.9218120E+06
-2.88E+02	1.9308190E+06
-2.85E+02	1.9201820E+06
-2.82E+02	1.9224010E+06
-2.80E+02	1.9267120E+06
-2.77E+02	1.9276770E+06
-2.74E+02	1.9349930E+06
-2.72E+02	1.9252800E+06
-2.69E+02	1.9305810E+06
-2.66E+02	1.9269720E+06
-2.64E+02	1.9296470E+06
-2.61E+02	1.9289900E+06
-2.58E+02	1.9362490E+06
-2.56E+02	1.9297320E+06
-2.53E+02	1.9295730E+06
-2.51E+02	1.9306940E+06
-2.48E+02	1.9306610E+06
-2.45E+02	1.9312900E+06
-2.43E+02	1.9327580E+06
-2.40E+02	1.9300750E+06
-2.37E+02	1.9322390E+06
-2.35E+02	1.9346100E+06
-2.32E+02	1.9285720E+06
-2.29E+02	1.9315860E+06
-2.27E+02	1.9320720E+06
-2.24E+02	1.9325530E+06
-2.21E+02	1.9305010E+06
-2.19E+02	1.9312220E+06
-2.16E+02	1.9369810E+06
-2.13E+02	1.9304680E+06
-2.11E+02	1.9275530E+06
-2.08E+02	1.9318440E+06
-2.05E+02	1.9390130E+06
-2.03E+02	1.9321490E+06
-2.00E+02	1.9387320E+06
-1.97E+02	1.9339600E+06
-1.95E+02	1.9317750E+06
-1.92E+02	1.9347230E+06
-1.90E+02	1.9328790E+06
-1.87E+02	1.9358600E+06
-1.84E+02	1.9313960E+06
-1.81E+02	1.9345290E+06
-1.79E+02	1.9351110E+06
-1.76E+02	1.9341200E+06
-1.74E+02	1.9374450E+06
-1.71E+02	1.9369160E+06
-1.68E+02	1.9341250E+06
-1.66E+02	1.9372980E+06
-1.63E+02	1.9384680E+06
-1.60E+02	1.9347060E+06
-1.58E+02	1.9413320E+06
-1.55E+02	1.9381550E+06
-1.52E+02	1.9362000E+06
-1.50E+02	1.9325970E+06
-1.47E+02	1.9364810E+06
-1.44E+02	1.9333070E+06
-1.42E+02	1.9399840E+06
-1.40E+02	1.9373760E+06
-1.37E+02	1.9412790E+06
-1.34E+02	1.9370890E+06
-1.31E+02	1.9388180E+06
-1.29E+02	1.9334340E+06
-1.26E+02	1.9419650E+06
-1.23E+02	1.9341760E+06
-1.21E+02	1.9367630E+06
-1.18E+02	1.9338570E+06
-1.16E+02	1.9427720E+06
-1.13E+02	1.9362230E+06
-1.10E+02	1.9336140E+06
-1.08E+02	1.9350560E+06
-1.05E+02	1.9456850E+06
-1.02E+02	1.9376760E+06
-9.94E+01	1.9405490E+06
-9.70E+01	1.9360310E+06
-9.43E+01	1.9381540E+06
-9.14E+01	1.9384240E+06
-8.88E+01	1.9464240E+06
-8.63E+01	1.9479430E+06
-8.37E+01	1.9405030E+06
-8.10E+01	1.9419790E+06
-7.83E+01	1.9442280E+06
-7.56E+01	1.9410870E+06
-7.31E+01	1.9471510E+06
-7.02E+01	1.9438300E+06
-6.76E+01	1.9485180E+06
-6.51E+01	1.9461090E+06
-6.25E+01	1.9482900E+06
-5.98E+01	1.9445100E+06
-5.73E+01	1.9460660E+06
-5.46E+01	1.9411190E+06
-5.19E+01	1.9488520E+06
-4.94E+01	1.9485300E+06
-4.66E+01	1.9519120E+06
-4.38E+01	1.9463470E+06
-4.13E+01	1.9492220E+06
-3.87E+01	1.9487350E+06
-3.61E+01	1.9510710E+06
-3.32E+01	1.9509830E+06
-3.07E+01	1.9500860E+06
-2.80E+01	1.9502160E+06
-2.52E+01	1.9538010E+06
-2.27E+01	1.9545900E+06
-2.00E+01	1.9562790E+06
-1.73E+01	1.9553580E+06
-1.46E+01	1.9559360E+06
-1.20E+01	1.9586950E+06
-9.42E+00	1.9645580E+06
-6.68E+00	1.9617680E+06
-3.97E+00	1.9702240E+06
-1.45E+00	1.9705880E+06
1.16E+00	1.9723970E+06
4.02E+00	1.9910610E+06
6.61E+00	1.9800860E+06
9.12E+00	1.9903670E+06
1.18E+01	1.9978620E+06
1.45E+01	2.0089370E+06
1.70E+01	2.0179010E+06
1.97E+01	2.0413840E+06
2.23E+01	2.0490890E+06
2.50E+01	2.0630160E+06
2.79E+01	2.0769570E+06
3.04E+01	2.0838540E+06
3.29E+01	2.0932800E+06
3.56E+01	2.0972930E+06
3.82E+01	2.1054540E+06
4.11E+01	2.1053400E+06
4.36E+01	2.1203920E+06
4.61E+01	2.1220880E+06
4.88E+01	2.1216460E+06
5.16E+01	2.1328950E+06
5.43E+01	2.1339610E+06
5.68E+01	2.1386430E+06
5.96E+01	2.1242880E+06
6.22E+01	2.1439980E+06
6.48E+01	2.1371220E+06
6.75E+01	2.1340630E+06
7.00E+01	2.1418340E+06
7.27E+01	2.1421390E+06
7.54E+01	2.1379520E+06
7.80E+01	2.1387710E+06
8.09E+01	2.1441360E+06
8.33E+01	2.1443800E+06
8.61E+01	2.1442050E+06
8.86E+01	2.1365590E+06
9.12E+01	2.1402360E+06
9.41E+01	2.1388810E+06
9.66E+01	2.1335740E+06
9.93E+01	2.1310370E+06
1.02E+02	2.1366640E+06
1.05E+02	2.1399030E+06
1.07E+02	2.1390380E+06
1.10E+02	2.1346090E+06
1.12E+02	2.1316120E+06
1.15E+02	2.1320670E+06
1.18E+02	2.1323730E+06
1.20E+02	2.1236580E+06
1.23E+02	2.1229270E+06
1.26E+02	2.1216920E+06
1.28E+02	2.1182120E+06
1.31E+02	2.1183410E+06
1.34E+02	2.1158320E+06
1.36E+02	2.1176870E+06
1.39E+02	2.1199340E+06
1.42E+02	2.1164970E+06
1.44E+02	2.1096750E+06
1.47E+02	2.1172970E+06
1.50E+02	2.1016580E+06
1.52E+02	2.1009430E+06
1.55E+02	2.1077320E+06
1.58E+02	2.0998260E+06
1.60E+02	2.0943900E+06
1.63E+02	2.0828340E+06
1.66E+02	2.0831780E+06
1.68E+02	2.0816670E+06
1.71E+02	2.0762690E+06
1.74E+02	2.0688030E+06
1.76E+02	2.0632420E+06
1.79E+02	2.0563300E+06
1.82E+02	2.0537080E+06
1.84E+02	2.0379760E+06
1.87E+02	1.9841130E+06
1.90E+02	1.9862480E+06
1.92E+02	1.9731510E+06
1.95E+02	1.9543450E+06
1.97E+02	1.9523970E+06
2.00E+02	1.9468170E+06
2.03E+02	1.9481600E+06
2.05E+02	1.9479620E+06
2.08E+02	1.9425560E+06
2.11E+02	1.9412570E+06
2.13E+02	1.9433070E+06
2.16E+02	1.9391610E+06
2.19E+02	1.9457520E+06
2.21E+02	1.9357290E+06
2.24E+02	1.9374210E+06
2.27E+02	1.9394050E+06
2.29E+02	1.9384080E+06
2.32E+02	1.9330440E+06
2.34E+02	1.9420190E+06
2.37E+02	1.9368420E+06
2.40E+02	1.9331890E+06
2.43E+02	1.9370030E+06
2.45E+02	1.9339040E+06
2.48E+02	1.9321750E+06
2.50E+02	1.9359680E+06
2.53E+02	1.9401570E+06
2.56E+02	1.9386750E+06
2.58E+02	1.9303820E+06
2.61E+02	1.9300520E+06
2.64E+02	1.9304600E+06
2.66E+02	1.9288680E+06
2.69E+02	1.9357690E+06
2.72E+02	1.9339920E+06
2.74E+02	1.9317970E+06
2.77E+02	1.9391800E+06
2.80E+02	1.9317150E+06
2.82E+02	1.9234830E+06
2.85E+02	1.9343400E+06
2.88E+02	1.9333080E+06
2.90E+02	1.9241270E+06
2.93E+02	1.9350430E+06
2.95E+02	1.9284570E+06
2.98E+02	1.9311500E+06
3.01E+02	1.9333560E+06
3.03E+02	1.9303700E+06
3.06E+02	1.9300230E+06
3.09E+02	1.9313810E+06
3.11E+02	1.9329600E+06
3.14E+02	1.9269980E+06
3.17E+02	1.9279380E+06
3.19E+02	1.9310570E+06
3.22E+02	1.9323150E+06
3.24E+02	1.9284040E+06
3.27E+02	1.9298850E+06
3.30E+02	1.9282060E+06
3.33E+02	1.9258770E+06
3.35E+02	1.9346300E+06
3.38E+02	1.9271010E+06
3.41E+02	1.9282610E+06
3.43E+02	1.9334370E+06
3.46E+02	1.9264210E+06
3.48E+02	1.9279300E+06
3.51E+02	1.9289560E+06
3.54E+02	1.9286510E+06
3.56E+02	1.9308880E+06
3.59E+02	1.9279050E+06
3.62E+02	1.9311490E+06
3.64E+02	1.9348550E+06
3.67E+02	1.9291480E+06
3.69E+02	1.9326090E+06
3.72E+02	1.9323170E+06
3.75E+02	1.9273990E+06
3.78E+02	1.9302470E+06
3.80E+02	1.9237400E+06
3.83E+02	1.9254310E+06
3.85E+02	1.9274850E+06
3.88E+02	1.9331960E+06
3.91E+02	1.9268270E+06
3.94E+02	1.9253050E+06
3.96E+02	1.9272720E+06
3.99E+02	1.9290360E+06
4.02E+02	1.9308360E+06
4.04E+02	1.9229220E+06
4.07E+02	1.9264430E+06
4.09E+02	1.9239290E+06
4.12E+02	1.9188580E+06
4.15E+02	1.9235710E+06
4.17E+02	1.9253710E+06
4.20E+02	1.9289490E+06
4.22E+02	1.9252190E+06
4.25E+02	1.9204120E+06
4.28E+02	1.9273570E+06
4.31E+02	1.9242280E+06
4.33E+02	1.9239820E+06
4.36E+02	1.9293220E+06
4.38E+02	1.9279190E+06
4.41E+02	1.9258430E+06
4.44E+02	1.9267830E+06
4.47E+02	1.9246850E+06
4.49E+02	1.9269590E+06
4.52E+02	1.9299840E+06
4.54E+02	1.9241250E+06
4.57E+02	1.9243620E+06
4.60E+02	1.9273240E+06
4.62E+02	1.9239650E+06
4.65E+02	1.9218190E+06
4.68E+02	1.9243290E+06
4.70E+02	1.9223300E+06
4.73E+02	1.9266930E+06
4.76E+02	1.9180420E+06
4.78E+02	1.9167920E+06
4.81E+02	1.9228910E+06
4.84E+02	1.9231540E+06
4.86E+02	1.9266260E+06
4.89E+02	1.9230610E+06
4.92E+02	1.9237930E+06
4.94E+02	1.9249830E+06
4.97E+02	1.9277050E+06
5.00E+02	1.9293980E+06
5.02E+02	1.9280530E+06
5.05E+02	1.9228760E+06
5.08E+02	1.9288410E+06
5.10E+02	1.9242300E+06
5.13E+02	1.9260130E+06
5.15E+02	1.9345220E+06
5.18E+02	1.9334000E+06
5.21E+02	1.9196190E+06
5.23E+02	1.9297870E+06
5.26E+02	1.9216330E+06
5.29E+02	1.9285330E+06
5.31E+02	1.9216500E+06
5.34E+02	1.9270880E+06
5.37E+02	1.9258310E+06
5.39E+02	1.9281030E+06
5.42E+02	1.9311350E+06
5.44E+02	1.9194700E+06
5.47E+02	1.9181570E+06
5.50E+02	1.9219080E+06
5.53E+02	1.9238030E+06
5.55E+02	1.9189660E+06
5.58E+02	1.9292710E+06
5.61E+02	1.9210020E+06
5.63E+02	1.9249610E+06
5.66E+02	1.9226520E+06
5.68E+02	1.9243490E+06
5.71E+02	1.9254730E+06
5.74E+02	1.9232110E+06
5.76E+02	1.9210370E+06
5.79E+02	1.9213350E+06
5.82E+02	1.9173780E+06
5.84E+02	1.9235030E+06
5.87E+02	1.9212660E+06
5.90E+02	1.9197910E+06
5.92E+02	1.9243600E+06
5.95E+02	1.9215990E+06
5.98E+02	1.9166600E+06
6.00E+02	1.9193340E+06
6.03E+02	1.9163290E+06
6.06E+02	1.9194060E+06
6.08E+02	1.9180700E+06
6.11E+02	1.9234690E+06
6.14E+02	1.9179180E+06
6.16E+02	1.9177550E+06
6.19E+02	1.9193590E+06
6.22E+02	1.9167220E+06
6.24E+02	1.9160450E+06
6.27E+02	1.9178190E+06
6.29E+02	1.9195960E+06
6.32E+02	1.9206170E+06
6.35E+02	1.9138650E+06
6.37E+02	1.9243520E+06
6.40E+02	1.9174610E+06
6.43E+02	1.9204010E+06
6.46E+02	1.9225730E+06
6.48E+02	1.9169120E+06
6.51E+02	1.9206640E+06
6.53E+02	1.9169770E+06
6.56E+02	1.9227790E+06
6.59E+02	1.9161520E+06
6.61E+02	1.9203520E+06
6.64E+02	1.9151610E+06
6.67E+02	1.9185530E+06
6.69E+02	1.9218040E+06
6.72E+02	1.9115720E+06
6.74E+02	1.9155070E+06
6.77E+02	1.9213200E+06
6.80E+02	1.9224890E+06
6.82E+02	1.9264950E+06
6.86E+02	1.9194610E+06
6.88E+02	1.9238320E+06
6.91E+02	1.9172140E+06
6.94E+02	1.9227800E+06
6.96E+02	1.9157250E+06
6.99E+02	1.9183450E+06
7.02E+02	1.9182150E+06
7.04E+02	1.9194830E+06
7.07E+02	1.9227080E+06
7.10E+02	1.9158800E+06
7.12E+02	1.9173890E+06
7.15E+02	1.9185360E+06
7.18E+02	1.9200010E+06
7.20E+02	1.9225840E+06
7.23E+02	1.9208020E+06
7.26E+02	1.9263330E+06
7.28E+02	1.9200670E+06
7.31E+02	1.9119420E+06
7.33E+02	1.9172430E+06
7.36E+02	1.9182580E+06
7.39E+02	1.9172900E+06
7.41E+02	1.9196430E+06
7.44E+02	1.9198030E+06
7.47E+02	1.9226810E+06
7.49E+02	1.9110630E+06
7.52E+02	1.9245420E+06
7.55E+02	1.9159550E+06
7.57E+02	1.9264770E+06
7.60E+02	1.9158930E+06
7.63E+02	1.9155590E+06
7.65E+02	1.9184010E+06
7.68E+02	1.9200970E+06
7.71E+02	1.9189000E+06
7.73E+02	1.9167250E+06
7.76E+02	1.9214240E+06
7.79E+02	1.9178140E+06
7.81E+02	1.9163480E+06
7.84E+02	1.9203870E+06
7.87E+02	1.9156310E+06
7.90E+02	1.9154650E+06
7.92E+02	1.9169150E+06
7.95E+02	1.9191650E+06
7.98E+02	1.9122460E+06
8.00E+02	1.9166520E+06
8.03E+02	1.9166440E+06
8.05E+02	1.9172060E+06
8.08E+02	1.9147860E+06
8.11E+02	1.9138690E+06
8.13E+02	1.9201970E+06
8.16E+02	1.9229720E+06
8.19E+02	1.9190890E+06
8.21E+02	1.9147220E+06
8.24E+02	1.9182740E+06
8.27E+02	1.9155340E+06
8.29E+02	1.9154800E+06
8.32E+02	1.9138990E+06
8.35E+02	1.9208490E+06
8.37E+02	1.9101480E+06
8.40E+02	1.9212810E+06
8.43E+02	1.9225920E+06
8.45E+02	1.9234980E+06
8.48E+02	1.9175180E+06
8.51E+02	1.9215740E+06
8.53E+02	1.9137190E+06
8.56E+02	1.9123130E+06
8.58E+02	1.9162660E+06
8.61E+02	1.9177020E+06
8.64E+02	1.9238600E+06
8.66E+02	1.9160480E+06
8.69E+02	1.9146500E+06
8.72E+02	1.9147050E+06
8.74E+02	1.9131200E+06
8.77E+02	1.9124400E+06
8.79E+02	1.9194660E+06
8.82E+02	1.9153390E+06
8.85E+02	1.9184400E+06
8.87E+02	1.9148450E+06
8.90E+02	1.9188590E+06
8.93E+02	1.9146240E+06
8.95E+02	1.9153960E+06
8.98E+02	1.9168790E+06
9.01E+02	1.9190570E+06
9.01E+02	1.9207880E+06
9.02E+02	1.9150260E+06
9.04E+02	1.9219540E+06
9.05E+02	1.9168030E+06
9.06E+02	1.9179440E+06
9.08E+02	1.9198070E+06
9.09E+02	1.9156980E+06
9.10E+02	1.9207650E+06
9.12E+02	1.9198840E+06
9.13E+02	1.9195790E+06
9.14E+02	1.9066710E+06
9.16E+02	1.9197580E+06
9.17E+02	1.9150550E+06
9.18E+02	1.9189950E+06
9.20E+02	1.9174570E+06
9.21E+02	1.9138560E+06
9.22E+02	1.9211750E+06
9.24E+02	1.9156310E+06
9.25E+02	1.9220920E+06
9.26E+02	1.9222400E+06
9.28E+02	1.9234900E+06
9.29E+02	1.9164590E+06
9.30E+02	1.9207060E+06
9.32E+02	1.9148380E+06
9.33E+02	1.9235690E+06
9.34E+02	1.9098810E+06
9.36E+02	1.9113310E+06
9.37E+02	1.9174640E+06
9.38E+02	1.9170270E+06
9.40E+02	1.9158610E+06
9.41E+02	1.9165720E+06
9.42E+02	1.9166030E+06
9.43E+02	1.9157800E+06
9.45E+02	1.9205650E+06
9.46E+02	1.9153340E+06
9.47E+02	1.9155110E+06
9.49E+02	1.9141580E+06
9.50E+02	1.9122090E+06
9.51E+02	1.9215060E+06
9.53E+02	1.9164130E+06
9.54E+02	1.9189750E+06
9.55E+02	1.9168440E+06
9.57E+02	1.9216220E+06
9.58E+02	1.9173840E+06
9.59E+02	1.9170980E+06
9.61E+02	1.9141570E+06
9.62E+02	1.9131600E+06
9.63E+02	1.9155100E+06
9.65E+02	1.9124950E+06
9.66E+02	1.9164720E+06
9.67E+02	1.9150980E+06
9.69E+02	1.9141390E+06
9.70E+02	1.9166010E+06
9.71E+02	1.9181340E+06
9.73E+02	1.9140860E+06
9.74E+02	1.9164840E+06
9.75E+02	1.9162230E+06
9.77E+02	1.9178650E+06
9.78E+02	1.9195920E+06
9.79E+02	1.9217810E+06
9.81E+02	1.9205560E+06
9.82E+02	1.9192540E+06
9.83E+02	1.9184280E+06
9.85E+02	1.9156510E+06
9.86E+02	1.9155950E+06
9.87E+02	1.9131090E+06
9.88E+02	1.9129320E+06
9.90E+02	1.9169030E+06
9.91E+02	1.9155990E+06
9.92E+02	1.9139310E+06
9.94E+02	1.9145100E+06
9.95E+02	1.9170400E+06
9.97E+02	1.9163120E+06
9.98E+02	1.9107770E+06
9.99E+02	1.9160870E+06
1.00E+03	1.9168580E+06
1.00E+03	1.9107710E+06
1.02E+03	1.9173980E+06
1.04E+03	1.9150560E+06
1.07E+03	1.9103460E+06
1.10E+03	1.9133020E+06
1.12E+03	1.9148710E+06
1.15E+03	1.9196970E+06
1.18E+03	1.9140730E+06
1.20E+03	1.9125860E+06
1.23E+03	1.9113590E+06
1.26E+03	1.9114510E+06
1.28E+03	1.9153590E+06
1.31E+03	1.9148170E+06
1.34E+03	1.9080630E+06
1.36E+03	1.9137430E+06
1.39E+03	1.9121820E+06
1.42E+03	1.9105500E+06
1.44E+03	1.9192700E+06
1.47E+03	1.9108090E+06
1.50E+03	1.9144710E+06
1.52E+03	1.9127060E+06
1.55E+03	1.9196450E+06
1.57E+03	1.9125890E+06
1.60E+03	1.9223770E+06
1.63E+03	1.9190280E+06
1.65E+03	1.9093980E+06
1.68E+03	1.9111320E+06
1.70E+03	1.9154150E+06
1.73E+03	1.9083170E+06
1.76E+03	1.9121560E+06
1.78E+03	1.9143510E+06
1.81E+03	1.9096090E+06
1.84E+03	1.9200780E+06
1.86E+03	1.9170180E+06
1.89E+03	1.9162390E+06
1.92E+03	1.9136490E+06
1.95E+03	1.9086470E+06
1.96E+03	1.9052150E+06
1.97E+03	1.9065590E+06
1.98E+03	1.9077850E+06
2.00E+03	1.9086360E+06
2.00E+03	1.9150430E+06
2.00E+03	1.9166770E+06